0.0299354 0.0265447 0.0197355 0.0129035 0.130972 0.0149677 0.00920216 0.00730944 0.00286743 0.111265 0.00498923 0.00141572 0.00438566 0 0.13174 0.00143372
0.0149677 0.00920216 0.00730944 0.00286743 0.111265 0.00498923 0.00141572 0.00438566 0 0.13174 0 0 0 0.00143372 0.112808 0.0189968
0.00498923 0.00141572 0.00438566 0 0.13174 0 0 0 0.00143372 0.112808 0.00392011 0.0166347 0.00475114 0.0189968 0.201467 0.045879
0 0 0 0.00143372 0.112808 0.00392011 0.0166347 0.00475114 0.0189968 0.201467 0.0299354 0.0488423 0.0332579 0.045879 0.262435 0.055915
0.00392011 0.0166347 0.00475114 0.0189968 0.201467 0.0299354 0.0488423 0.0332579 0.045879 0.262435 0.0466849 0.0537973 0.0500697 0.055915 0.251426 0.0666679
0.0299354 0.0488423 0.0332579 0.045879 0.262435 0.0466849 0.0537973 0.0500697 0.055915 0.251426 0.0595143 0.0629994 0.065054 0.0666679 0.232949 0.0756286
0.0466849 0.0537973 0.0500697 0.055915 0.251426 0.0595143 0.0629994 0.065054 0.0666679 0.232949 0.071631 0.0722016 0.0734599 0.0756286 0.280979 0.0992849
0.0595143 0.0629994 0.065054 0.0666679 0.232949 0.071631 0.0722016 0.0734599 0.0756286 0.280979 0.074482 0.101932 0.0796729 0.0992849 0.270111 0.10036
0.071631 0.0722016 0.0734599 0.0756286 0.280979 0.074482 0.101932 0.0796729 0.0992849 0.270111 0.104417 0.105117 0.105987 0.10036 0.157983 0.140863
0.074482 0.101932 0.0796729 0.0992849 0.270111 0.104417 0.105117 0.105987 0.10036 0.157983 0.10121 0.147942 0.103429 0.140863 0.278905 0.152332
0.104417 0.105117 0.105987 0.10036 0.157983 0.10121 0.147942 0.103429 0.140863 0.278905 0.1454 0.171302 0.144727 0.152332 0.370988 0.217567
0.10121 0.147942 0.103429 0.140863 0.278905 0.1454 0.171302 0.144727 0.152332 0.370988 0.165001 0.212712 0.165559 0.217567 0.356645 0.210756
0.1454 0.171302 0.144727 0.152332 0.370988 0.165001 0.212712 0.165559 0.217567 0.356645 0.222377 0.232886 0.184198 0.210756 0.395579 0.265238
0.165001 0.212712 0.165559 0.217567 0.356645 0.222377 0.232886 0.184198 0.210756 0.395579 0.202776 0.262262 0.202471 0.265238 0.331198 0.199645
0.222377 0.232886 0.184198 0.210756 0.395579 0.202776 0.262262 0.202471 0.265238 0.331198 0.247679 0.301902 0.162635 0.199645 0.322389 0.240148
0.202776 0.262262 0.202471 0.265238 0.331198 0.247679 0.301902 0.162635 0.199645 0.322389 0.224515 0.244919 0.196624 0.240148 0.47386 0.227603
0.247679 0.301902 0.162635 0.199645 0.322389 0.224515 0.244919 0.196624 0.240148 0.47386 0.225941 0.245981 0.226593 0.227603 0.384322 0.231187
0.224515 0.244919 0.196624 0.240148 0.47386 0.225941 0.245981 0.226593 0.227603 0.384322 0.23485 0.245981 0.233902 0.231187 0.265818 0.244449
0.225941 0.245981 0.226593 0.227603 0.384322 0.23485 0.245981 0.233902 0.231187 0.265818 0.232355 0.242796 0.227324 0.244449 0.221641 0.271689
0.23485 0.245981 0.233902 0.231187 0.265818 0.232355 0.242796 0.227324 0.244449 0.221641 0.244828 0.267571 0.250348 0.271689 0.326961 0.29212
0.232355 0.242796 0.227324 0.244449 0.221641 0.244828 0.267571 0.250348 0.271689 0.326961 0.277258 0.287745 0.275566 0.29212 0.401408 0.290686
0.244828 0.267571 0.250348 0.271689 0.326961 0.277258 0.287745 0.275566 0.29212 0.401408 0.293652 0.301548 0.295667 0.290686 0.450045 0.308608
0.277258 0.287745 0.275566 0.29212 0.401408 0.293652 0.301548 0.295667 0.290686 0.450045 0.292582 0.304733 0.276297 0.308608 0.42989 0.300005
0.293652 0.301548 0.295667 0.290686 0.450045 0.292582 0.304733 0.276297 0.308608 0.42989 0.309332 0.318536 0.308458 0.300005 0.373638 0.275274
0.292582 0.304733 0.276297 0.308608 0.42989 0.309332 0.318536 0.308458 0.300005 0.373638 0.29187 0.308626 0.283606 0.275274 0.381494 0.24194
0.309332 0.318536 0.308458 0.300005 0.373638 0.29187 0.308626 0.283606 0.275274 0.381494 0.276189 0.278188 0.23646 0.24194 0.419021 0.284234
0.29187 0.308626 0.283606 0.275274 0.381494 0.276189 0.278188 0.23646 0.24194 0.419021 0.250174 0.278896 0.258754 0.284234 0.351432 0.331189
0.276189 0.278188 0.23646 0.24194 0.419021 0.250174 0.278896 0.258754 0.284234 0.351432 0.285811 0.326677 0.294205 0.331189 0.358712 0.325095
0.250174 0.278896 0.258754 0.284234 0.351432 0.285811 0.326677 0.294205 0.331189 0.358712 0.357799 0.35853 0.318692 0.325095 0.497998 0.325095
0.285811 0.326677 0.294205 0.331189 0.358712 0.357799 0.35853 0.318692 0.325095 0.497998 0.326794 0.334463 0.327097 0.325095 0.26654 0.358788
0.357799 0.35853 0.318692 0.325095 0.497998 0.326794 0.334463 0.327097 0.325095 0.26654 0.328576 0.354991 0.339523 0.358788 0.292651 0.399649
0.326794 0.334463 0.327097 0.325095 0.26654 0.328576 0.354991 0.339523 0.358788 0.292651 0.369915 0.408081 0.377898 0.399649 0.621535 0.390688
0.328576 0.354991 0.339523 0.358788 0.292651 0.369915 0.408081 0.377898 0.399649 0.621535 0.391654 0.398524 0.386304 0.390688 0.318838 0.39033
0.369915 0.408081 0.377898 0.399649 0.621535 0.391654 0.398524 0.386304 0.390688 0.318838 0.384527 0.392154 0.391055 0.39033 0.339787 0.361655
0.391654 0.398524 0.386304 0.390688 0.318838 0.384527 0.392154 0.391055 0.39033 0.339787 0.394149 0.389322 0.370954 0.361655 0.243612 0.352336
0.384527 0.392154 0.391055 0.39033 0.339787 0.394149 0.389322 0.370954 0.361655 0.243612 0.358511 0.404541 0.360721 0.352336 0.416559 0.348393
0.394149 0.389322 0.370954 0.361655 0.243612 0.358511 0.404541 0.360721 0.352336 0.416559 0.353166 0.353222 0.34062 0.348393 0.273709 0.345884
0.358511 0.404541 0.360721 0.352336 0.416559 0.353166 0.353222 0.34062 0.348393 0.273709 0.34782 0.351806 0.349757 0.345884 0.188889 0.343017
0.353166 0.353222 0.34062 0.348393 0.273709 0.34782 0.351806 0.349757 0.345884 0.188889 0.348889 0.350744 0.341716 0.343017 0.187538 0.37886
0.34782 0.351806 0.349757 0.345884 0.188889 0.348889 0.350744 0.341716 0.343017 0.187538 0.343544 0.373042 0.346833 0.37886 0.259181 0.39033
0.348889 0.350744 0.341716 0.343017 0.187538 0.343544 0.373042 0.346833 0.37886 0.259181 0.383814 0.390384 0.393979 0.39033 0.259483 0.259144
0.343544 0.373042 0.346833 0.37886 0.259181 0.383814 0.390384 0.393979 0.39033 0.259483 0.321805 0.324553 0.270815 0.259144 0.251909 0.30298
0.383814 0.390384 0.393979 0.39033 0.259483 0.321805 0.324553 0.270815 0.259144 0.251909 0.277802 0.307438 0.28596 0.30298 0.339004 0.359133
0.321805 0.324553 0.270815 0.259144 0.251909 0.277802 0.307438 0.28596 0.30298 0.339004 0.308059 0.358236 0.318836 0.359133 0.274846 0.361307
0.277802 0.307438 0.28596 0.30298 0.339004 0.308059 0.358236 0.318836 0.359133 0.274846 0.361729 0.362528 0.35947 0.361307 0.193912 0.367465
0.308059 0.358236 0.318836 0.359133 0.274846 0.361729 0.362528 0.35947 0.361307 0.193912 0.370734 0.378626 0.370182 0.367465 0.18988 0.379783
0.361729 0.362528 0.35947 0.361307 0.193912 0.370734 0.378626 0.370182 0.367465 0.18988 0.375056 0.373976 0.374615 0.379783 0.170498 0.366741
0.370734 0.378626 0.370182 0.367465 0.18988 0.375056 0.373976 0.374615 0.379783 0.170498 0.38298 0.37648 0.353929 0.366741 0.242608 0.346091
0.375056 0.373976 0.374615 0.379783 0.170498 0.38298 0.37648 0.353929 0.366741 0.242608 0.357406 0.363244 0.355037 0.346091 0.18656 0.332687
0.38298 0.37648 0.353929 0.366741 0.242608 0.357406 0.363244 0.355037 0.346091 0.18656 0.330031 0.33391 0.333982 0.332687 0.185462 0.317109
0.357406 0.363244 0.355037 0.346091 0.18656 0.330031 0.33391 0.333982 0.332687 0.185462 0.340477 0.339276 0.324377 0.317109 0.219341 0.289214
0.330031 0.33391 0.333982 0.332687 0.185462 0.340477 0.339276 0.324377 0.317109 0.219341 0.295812 0.302072 0.297411 0.289214 0.166006 0.317833
0.340477 0.339276 0.324377 0.317109 0.219341 0.295812 0.302072 0.297411 0.289214 0.166006 0.304097 0.314951 0.304799 0.317833 0.168915 0.303705
0.295812 0.302072 0.297411 0.289214 0.166006 0.304097 0.314951 0.304799 0.317833 0.168915 0.324268 0.327471 0.314773 0.303705 0.214221 0.289214
0.304097 0.314951 0.304799 0.317833 0.168915 0.324268 0.327471 0.314773 0.303705 0.214221 0.337235 0.331048 0.299997 0.289214 0.290579 0.2711
0.324268 0.327471 0.314773 0.303705 0.214221 0.337235 0.331048 0.299997 0.289214 0.290579 0.290049 0.288479 0.27377 0.2711 0.263382 0.284866
0.337235 0.331048 0.299997 0.289214 0.290579 0.290049 0.288479 0.27377 0.2711 0.263382 0.272039 0.291698 0.281527 0.284866 0.246842 0.309139
0.290049 0.288479 0.27377 0.2711 0.263382 0.272039 0.291698 0.281527 0.284866 0.246842 0.287168 0.302788 0.297411 0.309139 0.275945 0.317109
0.272039 0.291698 0.281527 0.284866 0.246842 0.287168 0.302788 0.297411 0.309139 0.275945 0.311301 0.314951 0.3229 0.317109 0.234366 0.322181
0.287168 0.302788 0.297411 0.309139 0.275945 0.311301 0.314951 0.3229 0.317109 0.234366 0.317784 0.318886 0.319575 0.322181 0.149608 0.330151
0.311301 0.314951 0.3229 0.317109 0.234366 0.317784 0.318886 0.319575 0.322181 0.149608 0.325709 0.339276 0.338045 0.330151 0.211822 0.340657
0.317784 0.318886 0.319575 0.322181 0.149608 0.325709 0.339276 0.338045 0.330151 0.211822 0.330391 0.336414 0.341 0.340657 0.162681 0.351887
0.325709 0.339276 0.338045 0.330151 0.211822 0.330391 0.336414 0.341 0.340657 0.162681 0.3466 0.348577 0.3591 0.351887 0.17401 0.332325
0.330391 0.336414 0.341 0.340657 0.162681 0.3466 0.348577 0.3591 0.351887 0.17401 0.351283 0.343211 0.338414 0.332325 0.27275 0.369639
0.3466 0.348577 0.3591 0.351887 0.17401 0.351283 0.343211 0.338414 0.332325 0.27275 0.331832 0.362886 0.338784 0.369639 0.24681 0.367103
0.351283 0.343211 0.338414 0.332325 0.27275 0.331832 0.362886 0.338784 0.369639 0.24681 0.369293 0.36861 0.374615 0.367103 0.201921 0.377247
0.331832 0.362886 0.338784 0.369639 0.24681 0.369293 0.36861 0.374615 0.367103 0.201921 0.376137 0.37326 0.377939 0.377247 0.226173 0.341744
0.369293 0.36861 0.374615 0.367103 0.201921 0.376137 0.37326 0.377939 0.377247 0.226173 0.368933 0.36074 0.353559 0.341744 0.235471 0.35225
0.376137 0.37326 0.377939 0.377247 0.226173 0.368933 0.36074 0.353559 0.341744 0.235471 0.3466 0.34965 0.350974 0.35225 0.168337 0.341381
0.368933 0.36074 0.353559 0.341744 0.235471 0.3466 0.34965 0.350974 0.35225 0.168337 0.34516 0.340349 0.341 0.341381 0.207821 0.333411
0.3466 0.34965 0.350974 0.35225 0.168337 0.34516 0.340349 0.341 0.341381 0.207821 0.340837 0.338561 0.343216 0.333411 0.178348 0.358046
0.34516 0.340349 0.341 0.341381 0.207821 0.340837 0.338561 0.343216 0.333411 0.178348 0.321747 0.353943 0.32253 0.358046 0.297599 0.348989
0.340837 0.338561 0.343216 0.333411 0.178348 0.321747 0.353943 0.32253 0.358046 0.297599 0.353804 0.351439 0.357623 0.348989 0.207728 0.350801
0.321747 0.353943 0.32253 0.358046 0.297599 0.353804 0.351439 0.357623 0.348989 0.207728 0.349842 0.361455 0.357253 0.350801 0.28007 0.373986
0.353804 0.351439 0.357623 0.348989 0.207728 0.349842 0.361455 0.357253 0.350801 0.28007 0.359928 0.372903 0.368705 0.373986 0.285184 0.381232
0.349842 0.361455 0.357253 0.350801 0.28007 0.359928 0.372903 0.368705 0.373986 0.285184 0.377217 0.382919 0.386066 0.381232 0.178672 0.413474
0.359928 0.372903 0.368705 0.373986 0.285184 0.377217 0.382919 0.386066 0.381232 0.178672 0.389464 0.407602 0.396409 0.413474 0.244807 0.430501
0.377217 0.382919 0.386066 0.381232 0.178672 0.389464 0.407602 0.396409 0.413474 0.244807 0.423683 0.424773 0.433349 0.430501 0.272601 0.466367
0.389464 0.407602 0.396409 0.413474 0.244807 0.423683 0.424773 0.433349 0.430501 0.272601 0.433408 0.459473 0.448494 0.466367 0.263347 0.459121
0.423683 0.424773 0.433349 0.430501 0.272601 0.433408 0.459473 0.448494 0.466367 0.263347 0.460063 0.456969 0.467333 0.459121 0.272096 0.478684
0.433408 0.459473 0.448494 0.466367 0.263347 0.460063 0.456969 0.467333 0.459121 0.272096 0.462944 0.479863 0.473613 0.478684 0.250799 0.506942
0.460063 0.456969 0.467333 0.459121 0.272096 0.462944 0.479863 0.473613 0.478684 0.250799 0.492841 0.509912 0.507597 0.506942 0.18496 0.505493
0.462944 0.479863 0.473613 0.478684 0.250799 0.492841 0.509912 0.507597 0.506942 0.18496 0.50869 0.503473 0.495038 0.505493 0.32384 0.496798
0.492841 0.509912 0.507597 0.506942 0.18496 0.50869 0.503473 0.495038 0.505493 0.32384 0.499685 0.499538 0.49984 0.496798 0.240086 0.497885
0.50869 0.503473 0.495038 0.505493 0.32384 0.499685 0.499538 0.49984 0.496798 0.240086 0.490319 0.504904 0.492082 0.497885 0.251645 0.508753
0.499685 0.499538 0.49984 0.496798 0.240086 0.490319 0.504904 0.492082 0.497885 0.251645 0.500045 0.507051 0.510552 0.508753 0.171384 0.5544
0.490319 0.504904 0.492082 0.497885 0.251645 0.500045 0.507051 0.510552 0.508753 0.171384 0.520216 0.549263 0.534563 0.5544 0.252679 0.538098
0.500045 0.507051 0.510552 0.508753 0.171384 0.520216 0.549263 0.534563 0.5544 0.252679 0.574606 0.570726 0.534563 0.538098 0.552743 0.562008
0.520216 0.549263 0.534563 0.5544 0.252679 0.574606 0.570726 0.534563 0.538098 0.552743 0.538946 0.561783 0.554141 0.562008 0.294202 0.559834
0.574606 0.570726 0.534563 0.538098 0.552743 0.538946 0.561783 0.554141 0.562008 0.294202 0.572084 0.566791 0.556726 0.559834 0.404597 0.583744
0.538946 0.561783 0.554141 0.562008 0.294202 0.572084 0.566791 0.556726 0.559834 0.404597 0.556236 0.575019 0.570763 0.583744 0.206388 0.610191
0.572084 0.566791 0.556726 0.559834 0.404597 0.556236 0.575019 0.570763 0.583744 0.206388 0.592256 0.599344 0.601423 0.610191 0.244374 0.622508
0.556236 0.575019 0.570763 0.583744 0.206388 0.592256 0.599344 0.601423 0.610191 0.244374 0.612787 0.616158 0.612136 0.622508 0.182126 0.611277
0.592256 0.599344 0.601423 0.610191 0.244374 0.612787 0.616158 0.612136 0.622508 0.182126 0.627915 0.62367 0.615091 0.611277 0.229376 0.647143
0.612787 0.616158 0.612136 0.622508 0.182126 0.627915 0.62367 0.615091 0.611277 0.229376 0.610265 0.638337 0.622479 0.647143 0.200948 0.673227
0.627915 0.62367 0.615091 0.611277 0.229376 0.610265 0.638337 0.622479 0.647143 0.200948 0.65493 0.668386 0.669761 0.673227 0.159316 0.673951
0.610265 0.638337 0.622479 0.647143 0.200948 0.65493 0.668386 0.669761 0.673227 0.159316 0.668618 0.680906 0.680474 0.673951 0.191993 0.660547
0.65493 0.668386 0.669761 0.673227 0.159316 0.668618 0.680906 0.680474 0.673951 0.191993 0.67258 0.678045 0.678257 0.660547 0.234501 0.712353
0.668618 0.680906 0.680474 0.673951 0.191993 0.67258 0.678045 0.678257 0.660547 0.234501 0.659252 0.702012 0.663112 0.712353 0.209724 0.74061
0.67258 0.678045 0.678257 0.660547 0.234501 0.659252 0.702012 0.663112 0.712353 0.209724 0.717244 0.742793 0.739207 0.74061 0.238795 0.704382
0.659252 0.702012 0.663112 0.712353 0.209724 0.717244 0.742793 0.739207 0.74061 0.238795 0.738856 0.749233 0.717413 0.704382 0.249311 0.738799
0.717244 0.742793 0.739207 0.74061 0.238795 0.738856 0.749233 0.717413 0.704382 0.249311 0.703917 0.727411 0.723323 0.738799 0.262876 0.784083
0.738856 0.749233 0.717413 0.704382 0.249311 0.703917 0.727411 0.723323 0.738799 0.262876 0.742458 0.773558 0.765434 0.784083 0.239671 0.782272
0.703917 0.727411 0.723323 0.738799 0.262876 0.742458 0.773558 0.765434 0.784083 0.239671 0.791805 0.785005 0.789814 0.782272 0.189469 0.776113
0.742458 0.773558 0.765434 0.784083 0.239671 0.791805 0.785005 0.789814 0.782272 0.189469 0.767672 0.767477 0.762479 0.776113 0.16858 0.811254
0.791805 0.785005 0.789814 0.782272 0.189469 0.767672 0.767477 0.762479 0.776113 0.16858 0.791805 0.801461 0.803113 0.811254 0.221131 0.788793
0.767672 0.767477 0.762479 0.776113 0.16858 0.791805 0.801461 0.803113 0.811254 0.221131 0.803332 0.80468 0.794617 0.788793 0.246852 0.798212
0.791805 0.801461 0.803113 0.811254 0.221131 0.803332 0.80468 0.794617 0.788793 0.246852 0.786763 0.794306 0.795355 0.798212 0.154595 0.794589
0.803332 0.80468 0.794617 0.788793 0.246852 0.786763 0.794306 0.795355 0.798212 0.154595 0.80009 0.802176 0.816041 0.794589 0.147 0.804008
0.786763 0.794306 0.795355 0.798212 0.154595 0.80009 0.802176 0.816041 0.794589 0.147 0.792526 0.792518 0.797941 0.804008 0.153784 0.738436
0.80009 0.802176 0.816041 0.794589 0.147 0.792526 0.792518 0.797941 0.804008 0.153784 0.80009 0.78894 0.748073 0.738436 0.191284 0.721047
0.792526 0.792518 0.797941 0.804008 0.153784 0.80009 0.78894 0.748073 0.738436 0.191284 0.738856 0.759607 0.727387 0.721047 0.375515 0.692427
0.80009 0.78894 0.748073 0.738436 0.191284 0.738856 0.759607 0.727387 0.721047 0.375515 0.710401 0.705947 0.70707 0.692427 0.503351 0.717424
0.738856 0.759607 0.727387 0.721047 0.375515 0.710401 0.705947 0.70707 0.692427 0.503351 0.702836 0.706663 0.698943 0.717424 0.258677 0.771404
0.710401 0.705947 0.70707 0.692427 0.503351 0.702836 0.706663 0.698943 0.717424 0.258677 0.724448 0.760322 0.73145 0.771404 0.544732 0.790967
0.702836 0.706663 0.698943 0.717424 0.258677 0.724448 0.760322 0.73145 0.771404 0.544732 0.769113 0.778566 0.780949 0.790967 0.150306 0.775026
0.724448 0.760322 0.73145 0.771404 0.544732 0.769113 0.778566 0.780949 0.790967 0.150306 0.791085 0.779997 0.786121 0.775026 0.129858 0.771041
0.769113 0.778566 0.780949 0.790967 0.150306 0.791085 0.779997 0.786121 0.775026 0.129858 0.773435 0.769981 0.785012 0.771041 0.116142 0.739886
0.791085 0.779997 0.786121 0.775026 0.129858 0.773435 0.769981 0.785012 0.771041 0.116142 0.766952 0.756745 0.753244 0.739886 0.158976 0.727568
0.773435 0.769981 0.785012 0.771041 0.116142 0.766952 0.756745 0.753244 0.739886 0.158976 0.732733 0.730631 0.740685 0.727568 0.141135 0.784446
0.766952 0.756745 0.753244 0.739886 0.158976 0.732733 0.730631 0.740685 0.727568 0.141135 0.725889 0.777135 0.745857 0.784446 0.300165 0.792416
0.732733 0.730631 0.740685 0.727568 0.141135 0.725889 0.777135 0.745857 0.784446 0.300165 0.791805 0.815055 0.801266 0.792416 0.415762 0.827556
0.725889 0.777135 0.745857 0.784446 0.300165 0.791805 0.815055 0.801266 0.792416 0.415762 0.794687 0.815055 0.814195 0.827556 0.228706 0.865233
0.791805 0.815055 0.801266 0.792416 0.415762 0.794687 0.815055 0.814195 0.827556 0.228706 0.837911 0.852616 0.857414 0.865233 0.23946 0.921748
0.794687 0.815055 0.814195 0.827556 0.228706 0.837911 0.852616 0.857414 0.865233 0.23946 0.860603 0.907706 0.884379 0.921748 0.223161 0.948919
0.837911 0.852616 0.857414 0.865233 0.23946 0.860603 0.907706 0.884379 0.921748 0.223161 0.922557 0.939186 0.927599 0.948919 0.221999 0.948919
0.860603 0.907706 0.884379 0.921748 0.223161 0.922557 0.939186 0.927599 0.948919 0.221999 0.953174 0.949918 0.949024 0.948919 0.298812 0.822122
0.922557 0.939186 0.927599 0.948919 0.221999 0.953174 0.949918 0.949024 0.948919 0.298812 0.943809 0.939186 0.822691 0.822122 0.299826 0.823209
0.953174 0.949918 0.949024 0.948919 0.298812 0.943809 0.939186 0.822691 0.822122 0.299826 0.825304 0.837591 0.78021 0.823209 0.411827 0.914503
0.943809 0.939186 0.822691 0.822122 0.299826 0.825304 0.837591 0.78021 0.823209 0.411827 0.820981 0.903413 0.839683 0.914503 0.350035 0.945659
0.825304 0.837591 0.78021 0.823209 0.411827 0.820981 0.903413 0.839683 0.914503 0.350035 0.911751 0.932747 0.913931 0.945659 0.300346 0.930081
0.820981 0.903413 0.839683 0.914503 0.350035 0.911751 0.932747 0.913931 0.945659 0.300346 0.942728 0.934178 0.922427 0.930081 0.283473 0.951093
0.911751 0.932747 0.913931 0.945659 0.300346 0.942728 0.934178 0.922427 0.930081 0.283473 0.92796 0.939186 0.805698 0.951093 0.438062 0.953991
0.942728 0.934178 0.922427 0.930081 0.283473 0.92796 0.939186 0.805698 0.951093 0.438062 0.958577 0.964227 0.932031 0.953991 0.285594 1
0.92796 0.939186 0.805698 0.951093 0.438062 0.958577 0.964227 0.932031 0.953991 0.285594 0.956776 1 0.961952 1 0.508022 0.984422
0.958577 0.964227 0.932031 0.953991 0.285594 0.956776 1 0.961952 1 0.508022 1 0.990341 0.985594 0.984422 0.351701 0.982611
0.956776 1 0.961952 1 0.508022 1 0.990341 0.985594 0.984422 0.351701 0.970824 0.998927 0.985594 0.982611 0.134133 0.982973
1 0.990341 0.985594 0.984422 0.351701 0.970824 0.998927 0.985594 0.982611 0.134133 0.979469 0.982114 0.989288 0.982973 0.140483 0.997102
0.970824 0.998927 0.985594 0.982611 0.134133 0.979469 0.982114 0.989288 0.982973 0.140483 0.987753 0.99213 1 0.997102 0.158239 0.951093
0.979469 0.982114 0.989288 0.982973 0.140483 0.987753 0.99213 1 0.997102 0.158239 0.99928 0.993203 0.971557 0.951093 0.170011 0.901823
0.987753 0.99213 1 0.997102 0.158239 0.99928 0.993203 0.971557 0.951093 0.170011 0.940207 0.934178 0.905804 0.901823 0.177184 0.928994
0.99928 0.993203 0.971557 0.951093 0.170011 0.940207 0.934178 0.905804 0.901823 0.177184 0.899865 0.924162 0.889182 0.928994 0.21442 0.856176
0.940207 0.934178 0.905804 0.901823 0.177184 0.899865 0.924162 0.889182 0.928994 0.21442 0.914993 0.906991 0.874036 0.856176 0.168873 0.74532
0.899865 0.924162 0.889182 0.928994 0.21442 0.914993 0.906991 0.874036 0.856176 0.168873 0.830347 0.835087 0.76211 0.74532 0.212362 0.804371
0.914993 0.906991 0.874036 0.856176 0.168873 0.830347 0.835087 0.76211 0.74532 0.212362 0.748221 0.797526 0.708548 0.804371 0.351365 0.84241
0.830347 0.835087 0.76211 0.74532 0.212362 0.748221 0.797526 0.708548 0.804371 0.351365 0.810896 0.830795 0.794986 0.84241 0.265285 0.779011
0.748221 0.797526 0.708548 0.804371 0.351365 0.810896 0.830795 0.794986 0.84241 0.265285 0.847636 0.844388 0.788337 0.779011 0.128567 0.652215
0.810896 0.830795 0.794986 0.84241 0.265285 0.847636 0.844388 0.788337 0.779011 0.128567 0.738856 0.752452 0.628389 0.652215 0.192908 0.592801
0.847636 0.844388 0.788337 0.779011 0.128567 0.738856 0.752452 0.628389 0.652215 0.192908 0.685907 0.676256 0.529022 0.592801 0.346046 0.702209
0.738856 0.752452 0.628389 0.652215 0.192908 0.685907 0.676256 0.529022 0.592801 0.346046 0.594777 0.690565 0.54232 0.702209 0.557735 0.598235
0.685907 0.676256 0.529022 0.592801 0.346046 0.594777 0.690565 0.54232 0.702209 0.557735 0.675461 0.707378 0.606964 0.598235 0.274472 0.565993
0.594777 0.690565 0.54232 0.702209 0.557735 0.675461 0.707378 0.606964 0.598235 0.274472 0.627195 0.632255 0.529022 0.565993 0.45427 0.497523
0.675461 0.707378 0.606964 0.598235 0.274472 0.627195 0.632255 0.529022 0.565993 0.45427 0.565241 0.583247 0.464378 0.497523 0.725488 0.535924
0.627195 0.632255 0.529022 0.565993 0.45427 0.565241 0.583247 0.464378 0.497523 0.725488 0.63728 0.627247 0.481001 0.535924 1 0.471801
0.565241 0.583247 0.464378 0.497523 0.725488 0.63728 0.627247 0.481001 0.535924 1 0.497523 0.510628 0.458467 0.471801 0.684699 0.332325
0.63728 0.627247 0.481001 0.535924 1 0.497523 0.510628 0.458467 0.471801 0.684699 0.36425 0.409749 0.345433 0.332325 0.330396 0.457672
0.497523 0.510628 0.458467 0.471801 0.684699 0.36425 0.409749 0.345433 0.332325 0.330396 0.317424 0.448741 0.325855 0.457672 0.275744 0.595337
0.36425 0.409749 0.345433 0.332325 0.330396 0.317424 0.448741 0.325855 0.457672 0.275744 0.501125 0.585035 0.492821 0.595337 0.246411 0.61164
0.317424 0.448741 0.325855 0.457672 0.275744 0.501125 0.585035 0.492821 0.595337 0.246411 0.580369 0.630109 0.580737 0.61164 0.20173 0.582658
0.501125 0.585035 0.492821 0.595337 0.246411 0.580369 0.630109 0.580737 0.61164 0.20173 0.585772 0.623312 0.577782 0.582658 0.176563 0.506942
0.580369 0.630109 0.580737 0.61164 0.20173 0.585772 0.623312 0.577782 0.582658 0.176563 0.559478 0.566791 0.506858 0.506942 0.113078 0.539909
0.585772 0.623312 0.577782 0.582658 0.176563 0.559478 0.566791 0.506858 0.506942 0.113078 0.501125 0.553913 0.503164 0.539909 0.119872 0.599322
0.559478 0.566791 0.506858 0.506942 0.113078 0.501125 0.553913 0.503164 0.539909 0.119872 0.551553 0.599344 0.552294 0.599322 0.140392 0.594975
0.501125 0.553913 0.503164 0.539909 0.119872 0.551553 0.599344 0.552294 0.599322 0.140392 0.592256 0.60793 0.593297 0.594975 0.131343 0.604394
0.551553 0.599344 0.552294 0.599322 0.140392 0.592256 0.60793 0.593297 0.594975 0.131343 0.574606 0.604353 0.582584 0.604394 0.086492 0.597149
0.592256 0.60793 0.593297 0.594975 0.131343 0.574606 0.604353 0.582584 0.604394 0.086492 0.598379 0.597556 0.594035 0.597149 0.0649875 0.638448
0.574606 0.604353 0.582584 0.604394 0.086492 0.598379 0.597556 0.594035 0.597149 0.0649875 0.598019 0.63154 0.610658 0.638448 0.0966047 0.605843
0.598379 0.597556 0.594035 0.597149 0.0649875 0.598019 0.63154 0.610658 0.638448 0.0966047 0.635119 0.637264 0.614721 0.605843 0.0759707 0.455499
0.598019 0.63154 0.610658 0.638448 0.0966047 0.635119 0.637264 0.614721 0.605843 0.0759707 0.575326 0.587182 0.468441 0.455499 0.0941812 0.471439
0.635119 0.637264 0.614721 0.605843 0.0759707 0.575326 0.587182 0.468441 0.455499 0.0941812 0.426204 0.488449 0.42042 0.471439 0.146136 0.52252
0.575326 0.587182 0.468441 0.455499 0.0941812 0.426204 0.488449 0.42042 0.471439 0.146136 0.483476 0.515636 0.473613 0.52252 0.097438 0.472888
0.426204 0.488449 0.42042 0.471439 0.146136 0.483476 0.515636 0.473613 0.52252 0.097438 0.508329 0.521002 0.484325 0.472888 0.069835 0.472888
0.483476 0.515636 0.473613 0.52252 0.097438 0.508329 0.521002 0.484325 0.472888 0.069835 0.469068 0.484871 0.471766 0.472888 0.0616876 0.47325
0.508329 0.521002 0.484325 0.472888 0.069835 0.469068 0.484871 0.471766 0.472888 0.0616876 0.452138 0.466985 0.45699 0.47325 0.0347437 0.528678
0.469068 0.484871 0.471766 0.472888 0.0616876 0.452138 0.466985 0.45699 0.47325 0.0347437 0.476272 0.521002 0.484325 0.528678 0.0477665 0.496436
0.452138 0.466985 0.45699 0.47325 0.0347437 0.476272 0.521002 0.484325 0.528678 0.0477665 0.521657 0.515278 0.498362 0.496436 0.0664291 0.480858
0.476272 0.521002 0.484325 0.528678 0.0477665 0.521657 0.515278 0.498362 0.496436 0.0664291 0.474471 0.492026 0.483956 0.480858 0.0504639 0.50984
0.521657 0.515278 0.498362 0.496436 0.0664291 0.474471 0.492026 0.483956 0.480858 0.0504639 0.49068 0.509912 0.506858 0.50984 0.130582 0.580484
0.474471 0.492026 0.483956 0.480858 0.0504639 0.49068 0.509912 0.506858 0.50984 0.130582 0.519135 0.575734 0.529391 0.580484 0.0716813 0.562732
0.49068 0.509912 0.506858 0.50984 0.130582 0.519135 0.575734 0.529391 0.580484 0.0716813 0.574966 0.570011 0.573719 0.562732 0.0513994 0.547517
0.519135 0.575734 0.529391 0.580484 0.0716813 0.574966 0.570011 0.573719 0.562732 0.0513994 0.547231 0.562856 0.561529 0.547517 0.069496 0.567442
0.574966 0.570011 0.573719 0.562732 0.0513994 0.547231 0.562856 0.561529 0.547517 0.069496 0.547231 0.558921 0.544167 0.567442 0.0852593 0.563819
0.547231 0.562856 0.561529 0.547517 0.069496 0.547231 0.558921 0.544167 0.567442 0.0852593 0.572084 0.568938 0.577413 0.563819 0.101813 0.566355
0.547231 0.558921 0.544167 0.567442 0.0852593 0.572084 0.568938 0.577413 0.563819 0.101813 0.555155 0.558563 0.56042 0.566355 0.0606788 0.464193
0.572084 0.568938 0.577413 0.563819 0.101813 0.555155 0.558563 0.56042 0.566355 0.0606788 0.565961 0.56536 0.477307 0.464193 0.0843026 0.496073
0.555155 0.558563 0.56042 0.566355 0.0606788 0.565961 0.56536 0.477307 0.464193 0.0843026 0.452499 0.493815 0.432979 0.496073 0.111287 0.459846
0.565961 0.56536 0.477307 0.464193 0.0843026 0.452499 0.493815 0.432979 0.496073 0.111287 0.480954 0.485945 0.470288 0.459846 0.037616 0.391013
0.452499 0.493815 0.432979 0.496073 0.111287 0.480954 0.485945 0.470288 0.459846 0.037616 0.4543 0.450172 0.40195 0.391013 0.13207 0.259869
0.480954 0.485945 0.470288 0.459846 0.037616 0.4543 0.450172 0.40195 0.391013 0.13207 0.349842 0.343211 0.271554 0.259869 0.101073 0.158432
0.4543 0.450172 0.40195 0.391013 0.13207 0.349842 0.343211 0.271554 0.259869 0.101073 0.203962 0.241616 0.164799 0.158432 0.135644 0.188863
0.349842 0.343211 0.271554 0.259869 0.101073 0.203962 0.241616 0.164799 0.158432 0.135644 0.191355 0.238397 0.169232 0.188863 0.140797 0.257696
