0.0299354 0.0265447 0.0197355 0.0129035 0.130972 0.990926 0.185707 0.196131 0.850527 0.456063 0.589338 0.000692109 0.305597 0.43868 0.995577 0.41237 0.812946 0.000192445 	0.0149677 0.00920216 0.00730944 0.00286743 0.111265 0.990711 0.157737 0.187829 0.861055 0.451267 0.577619 0.000832279 0.303048 0.444928 0.994807 0.329866 0.805706 0.000171323 	0.00498923 0.00141572 0.00438566 0 0.13174 0.989665 0.174735 0.186794 0.853752 0.443244 0.622253 0.00099978 0.308554 0.451909 0.994838 0.309518 0.842056 0.000172437 		0.00143372
0.0149677 0.00920216 0.00730944 0.00286743 0.111265 0.990711 0.157737 0.187829 0.861055 0.451267 0.577619 0.000832279 0.303048 0.444928 0.994807 0.329866 0.805706 0.000171323 	0.00498923 0.00141572 0.00438566 0 0.13174 0.989665 0.174735 0.186794 0.853752 0.443244 0.622253 0.00099978 0.308554 0.451909 0.994838 0.309518 0.842056 0.000172437 	0 0 0 0.00143372 0.112808 0.988619 0.164013 0.179159 0.860253 0.413991 0.606922 0.00124139 0.309731 0.474505 0.99475 0.237491 0.825133 0.000146473 		0.0189968
0.00498923 0.00141572 0.00438566 0 0.13174 0.989665 0.174735 0.186794 0.853752 0.443244 0.622253 0.00099978 0.308554 0.451909 0.994838 0.309518 0.842056 0.000172437 	0 0 0 0.00143372 0.112808 0.988619 0.164013 0.179159 0.860253 0.413991 0.606922 0.00124139 0.309731 0.474505 0.99475 0.237491 0.825133 0.000146473 	0.00392011 0.0166347 0.00475114 0.0189968 0.201467 0.986537 0.160954 0.171628 0.853882 0.439346 0.568527 0.000729927 0.3213 0.406631 0.994063 0.339483 0.824501 0.00014083 		0.045879
0 0 0 0.00143372 0.112808 0.988619 0.164013 0.179159 0.860253 0.413991 0.606922 0.00124139 0.309731 0.474505 0.99475 0.237491 0.825133 0.000146473 	0.00392011 0.0166347 0.00475114 0.0189968 0.201467 0.986537 0.160954 0.171628 0.853882 0.439346 0.568527 0.000729927 0.3213 0.406631 0.994063 0.339483 0.824501 0.00014083 	0.0299354 0.0488423 0.0332579 0.045879 0.262435 0.987478 0.184249 0.16837 0.845928 0.430581 0.579804 0.000612852 0.332386 0.41799 0.995509 0.374031 0.816951 0.000185553 		0.055915
0.00392011 0.0166347 0.00475114 0.0189968 0.201467 0.986537 0.160954 0.171628 0.853882 0.439346 0.568527 0.000729927 0.3213 0.406631 0.994063 0.339483 0.824501 0.00014083 	0.0299354 0.0488423 0.0332579 0.045879 0.262435 0.987478 0.184249 0.16837 0.845928 0.430581 0.579804 0.000612852 0.332386 0.41799 0.995509 0.374031 0.816951 0.000185553 	0.0466849 0.0537973 0.0500697 0.055915 0.251426 0.985024 0.181389 0.158329 0.842559 0.399872 0.513808 0.000632534 0.342858 0.431823 0.996032 0.458652 0.807746 0.000177374 		0.0666679
0.0299354 0.0488423 0.0332579 0.045879 0.262435 0.987478 0.184249 0.16837 0.845928 0.430581 0.579804 0.000612852 0.332386 0.41799 0.995509 0.374031 0.816951 0.000185553 	0.0466849 0.0537973 0.0500697 0.055915 0.251426 0.985024 0.181389 0.158329 0.842559 0.399872 0.513808 0.000632534 0.342858 0.431823 0.996032 0.458652 0.807746 0.000177374 	0.0595143 0.0629994 0.065054 0.0666679 0.232949 0.986316 0.198571 0.175778 0.830142 0.390042 0.625613 0.000903647 0.347532 0.492 0.997176 0.43135 0.848536 0.000226404 		0.0756286
0.0466849 0.0537973 0.0500697 0.055915 0.251426 0.985024 0.181389 0.158329 0.842559 0.399872 0.513808 0.000632534 0.342858 0.431823 0.996032 0.458652 0.807746 0.000177374 	0.0595143 0.0629994 0.065054 0.0666679 0.232949 0.986316 0.198571 0.175778 0.830142 0.390042 0.625613 0.000903647 0.347532 0.492 0.997176 0.43135 0.848536 0.000226404 	0.071631 0.0722016 0.0734599 0.0756286 0.280979 0.986612 0.188524 0.17061 0.820632 0.372207 0.633903 0.00105876 0.346801 0.533256 0.997934 0.477886 0.834551 0.00025442 		0.0992849
0.0595143 0.0629994 0.065054 0.0666679 0.232949 0.986316 0.198571 0.175778 0.830142 0.390042 0.625613 0.000903647 0.347532 0.492 0.997176 0.43135 0.848536 0.000226404 	0.071631 0.0722016 0.0734599 0.0756286 0.280979 0.986612 0.188524 0.17061 0.820632 0.372207 0.633903 0.00105876 0.346801 0.533256 0.997934 0.477886 0.834551 0.00025442 	0.074482 0.101932 0.0796729 0.0992849 0.270111 0.987573 0.167874 0.185069 0.822103 0.403853 0.62344 0.000593682 0.34921 0.487292 0.997808 0.557762 0.802939 0.00024902 		0.10036
0.071631 0.0722016 0.0734599 0.0756286 0.280979 0.986612 0.188524 0.17061 0.820632 0.372207 0.633903 0.00105876 0.346801 0.533256 0.997934 0.477886 0.834551 0.00025442 	0.074482 0.101932 0.0796729 0.0992849 0.270111 0.987573 0.167874 0.185069 0.822103 0.403853 0.62344 0.000593682 0.34921 0.487292 0.997808 0.557762 0.802939 0.00024902 	0.104417 0.105117 0.105987 0.10036 0.157983 0.989152 0.227405 0.197937 0.812711 0.415709 0.622592 0.000365519 0.340909 0.460743 0.998348 0.625276 0.79282 0.000324709 		0.140863
0.074482 0.101932 0.0796729 0.0992849 0.270111 0.987573 0.167874 0.185069 0.822103 0.403853 0.62344 0.000593682 0.34921 0.487292 0.997808 0.557762 0.802939 0.00024902 	0.104417 0.105117 0.105987 0.10036 0.157983 0.989152 0.227405 0.197937 0.812711 0.415709 0.622592 0.000365519 0.340909 0.460743 0.998348 0.625276 0.79282 0.000324709 	0.10121 0.147942 0.103429 0.140863 0.278905 0.986436 0.162215 0.126572 0.801867 0.376949 0.548202 0.000621459 0.377119 0.508048 0.998237 0.722291 0.784126 0.000311989 		0.152332
0.104417 0.105117 0.105987 0.10036 0.157983 0.989152 0.227405 0.197937 0.812711 0.415709 0.622592 0.000365519 0.340909 0.460743 0.998348 0.625276 0.79282 0.000324709 	0.10121 0.147942 0.103429 0.140863 0.278905 0.986436 0.162215 0.126572 0.801867 0.376949 0.548202 0.000621459 0.377119 0.508048 0.998237 0.722291 0.784126 0.000311989 	0.1454 0.171302 0.144727 0.152332 0.370988 0.989893 0.174851 0.168991 0.796579 0.437969 0.61063 0.000448469 0.37054 0.50205 0.99847 0.8218 0.80535 0.000490726 		0.217567
0.10121 0.147942 0.103429 0.140863 0.278905 0.986436 0.162215 0.126572 0.801867 0.376949 0.548202 0.000621459 0.377119 0.508048 0.998237 0.722291 0.784126 0.000311989 	0.1454 0.171302 0.144727 0.152332 0.370988 0.989893 0.174851 0.168991 0.796579 0.437969 0.61063 0.000448469 0.37054 0.50205 0.99847 0.8218 0.80535 0.000490726 	0.165001 0.212712 0.165559 0.217567 0.356645 0.987966 0.148609 0.121757 0.791088 0.427783 0.549848 0.00058534 0.398409 0.540974 0.998323 0.873861 0.765107 0.000568483 		0.210756
0.1454 0.171302 0.144727 0.152332 0.370988 0.989893 0.174851 0.168991 0.796579 0.437969 0.61063 0.000448469 0.37054 0.50205 0.99847 0.8218 0.80535 0.000490726 	0.165001 0.212712 0.165559 0.217567 0.356645 0.987966 0.148609 0.121757 0.791088 0.427783 0.549848 0.00058534 0.398409 0.540974 0.998323 0.873861 0.765107 0.000568483 	0.222377 0.232886 0.184198 0.210756 0.395579 0.990219 0.249102 0.171715 0.771161 0.455136 0.624506 0.000378826 0.386618 0.536779 0.998981 0.920389 0.802458 0.000935957 		0.265238
0.165001 0.212712 0.165559 0.217567 0.356645 0.987966 0.148609 0.121757 0.791088 0.427783 0.549848 0.00058534 0.398409 0.540974 0.998323 0.873861 0.765107 0.000568483 	0.222377 0.232886 0.184198 0.210756 0.395579 0.990219 0.249102 0.171715 0.771161 0.455136 0.624506 0.000378826 0.386618 0.536779 0.998981 0.920389 0.802458 0.000935957 	0.202776 0.262262 0.202471 0.265238 0.331198 0.989797 0.276275 0.135 0.746586 0.427672 0.590472 0.000360359 0.414251 0.560329 0.99929 0.949561 0.787518 0.00135017 		0.199645
0.222377 0.232886 0.184198 0.210756 0.395579 0.990219 0.249102 0.171715 0.771161 0.455136 0.624506 0.000378826 0.386618 0.536779 0.998981 0.920389 0.802458 0.000935957 	0.202776 0.262262 0.202471 0.265238 0.331198 0.989797 0.276275 0.135 0.746586 0.427672 0.590472 0.000360359 0.414251 0.560329 0.99929 0.949561 0.787518 0.00135017 	0.247679 0.301902 0.162635 0.199645 0.322389 0.988774 0.169855 0.151253 0.768081 0.430117 0.5074 0.000248129 0.396419 0.514857 0.998601 0.964463 0.73449 0.000710808 		0.240148
0.202776 0.262262 0.202471 0.265238 0.331198 0.989797 0.276275 0.135 0.746586 0.427672 0.590472 0.000360359 0.414251 0.560329 0.99929 0.949561 0.787518 0.00135017 	0.247679 0.301902 0.162635 0.199645 0.322389 0.988774 0.169855 0.151253 0.768081 0.430117 0.5074 0.000248129 0.396419 0.514857 0.998601 0.964463 0.73449 0.000710808 	0.224515 0.244919 0.196624 0.240148 0.47386 0.991143 0.350369 0.17709 0.729281 0.444926 0.607672 0.000321042 0.387816 0.566217 0.999514 0.978401 0.821105 0.00180575 		0.227603
0.247679 0.301902 0.162635 0.199645 0.322389 0.988774 0.169855 0.151253 0.768081 0.430117 0.5074 0.000248129 0.396419 0.514857 0.998601 0.964463 0.73449 0.000710808 	0.224515 0.244919 0.196624 0.240148 0.47386 0.991143 0.350369 0.17709 0.729281 0.444926 0.607672 0.000321042 0.387816 0.566217 0.999514 0.978401 0.821105 0.00180575 	0.225941 0.245981 0.226593 0.227603 0.384322 0.989231 0.241158 0.189066 0.749353 0.463611 0.595042 0.000366209 0.387223 0.556757 0.999287 0.973185 0.796376 0.00120936 		0.231187
0.224515 0.244919 0.196624 0.240148 0.47386 0.991143 0.350369 0.17709 0.729281 0.444926 0.607672 0.000321042 0.387816 0.566217 0.999514 0.978401 0.821105 0.00180575 	0.225941 0.245981 0.226593 0.227603 0.384322 0.989231 0.241158 0.189066 0.749353 0.463611 0.595042 0.000366209 0.387223 0.556757 0.999287 0.973185 0.796376 0.00120936 	0.23485 0.245981 0.233902 0.231187 0.265818 0.991299 0.177549 0.213547 0.740524 0.418435 0.624542 0.000546199 0.388417 0.647046 0.999575 0.974989 0.790692 0.00117337 		0.244449
0.225941 0.245981 0.226593 0.227603 0.384322 0.989231 0.241158 0.189066 0.749353 0.463611 0.595042 0.000366209 0.387223 0.556757 0.999287 0.973185 0.796376 0.00120936 	0.23485 0.245981 0.233902 0.231187 0.265818 0.991299 0.177549 0.213547 0.740524 0.418435 0.624542 0.000546199 0.388417 0.647046 0.999575 0.974989 0.790692 0.00117337 	0.232355 0.242796 0.227324 0.244449 0.221641 0.992834 0.235984 0.233658 0.725295 0.474625 0.551068 0.00015674 0.368832 0.531602 0.999652 0.991764 0.75321 0.00141922 		0.271689
0.23485 0.245981 0.233902 0.231187 0.265818 0.991299 0.177549 0.213547 0.740524 0.418435 0.624542 0.000546199 0.388417 0.647046 0.999575 0.974989 0.790692 0.00117337 	0.232355 0.242796 0.227324 0.244449 0.221641 0.992834 0.235984 0.233658 0.725295 0.474625 0.551068 0.00015674 0.368832 0.531602 0.999652 0.991764 0.75321 0.00141922 	0.244828 0.267571 0.250348 0.271689 0.326961 0.993665 0.198079 0.168086 0.726733 0.45467 0.609016 0.000303789 0.383889 0.607181 0.999625 0.980969 0.728701 0.00169001 		0.29212
0.232355 0.242796 0.227324 0.244449 0.221641 0.992834 0.235984 0.233658 0.725295 0.474625 0.551068 0.00015674 0.368832 0.531602 0.999652 0.991764 0.75321 0.00141922 	0.244828 0.267571 0.250348 0.271689 0.326961 0.993665 0.198079 0.168086 0.726733 0.45467 0.609016 0.000303789 0.383889 0.607181 0.999625 0.980969 0.728701 0.00169001 	0.277258 0.287745 0.275566 0.29212 0.401408 0.993868 0.223913 0.150778 0.697666 0.461303 0.558288 0.000205768 0.394991 0.587062 0.999692 0.992686 0.733669 0.0021681 		0.290686
0.244828 0.267571 0.250348 0.271689 0.326961 0.993665 0.198079 0.168086 0.726733 0.45467 0.609016 0.000303789 0.383889 0.607181 0.999625 0.980969 0.728701 0.00169001 	0.277258 0.287745 0.275566 0.29212 0.401408 0.993868 0.223913 0.150778 0.697666 0.461303 0.558288 0.000205768 0.394991 0.587062 0.999692 0.992686 0.733669 0.0021681 	0.293652 0.301548 0.295667 0.290686 0.450045 0.992846 0.114232 0.128063 0.701045 0.411489 0.600907 0.000641074 0.407808 0.692749 0.999708 0.988111 0.738506 0.00156439 		0.308608
0.277258 0.287745 0.275566 0.29212 0.401408 0.993868 0.223913 0.150778 0.697666 0.461303 0.558288 0.000205768 0.394991 0.587062 0.999692 0.992686 0.733669 0.0021681 	0.293652 0.301548 0.295667 0.290686 0.450045 0.992846 0.114232 0.128063 0.701045 0.411489 0.600907 0.000641074 0.407808 0.692749 0.999708 0.988111 0.738506 0.00156439 	0.292582 0.304733 0.276297 0.308608 0.42989 0.993574 0.185229 0.155982 0.696469 0.537012 0.530668 0.000123554 0.381045 0.536315 0.999574 0.99606 0.666282 0.00215252 		0.300005
0.293652 0.301548 0.295667 0.290686 0.450045 0.992846 0.114232 0.128063 0.701045 0.411489 0.600907 0.000641074 0.407808 0.692749 0.999708 0.988111 0.738506 0.00156439 	0.292582 0.304733 0.276297 0.308608 0.42989 0.993574 0.185229 0.155982 0.696469 0.537012 0.530668 0.000123554 0.381045 0.536315 0.999574 0.99606 0.666282 0.00215252 	0.309332 0.318536 0.308458 0.300005 0.373638 0.99521 0.198164 0.13339 0.685628 0.557792 0.514877 0.000114036 0.373221 0.524855 0.999599 0.997376 0.642226 0.00259755 		0.275274
0.292582 0.304733 0.276297 0.308608 0.42989 0.993574 0.185229 0.155982 0.696469 0.537012 0.530668 0.000123554 0.381045 0.536315 0.999574 0.99606 0.666282 0.00215252 	0.309332 0.318536 0.308458 0.300005 0.373638 0.99521 0.198164 0.13339 0.685628 0.557792 0.514877 0.000114036 0.373221 0.524855 0.999599 0.997376 0.642226 0.00259755 	0.29187 0.308626 0.283606 0.275274 0.381494 0.99465 0.191292 0.127997 0.671994 0.532717 0.515637 0.000192916 0.3693 0.581492 0.99964 0.998089 0.673483 0.0025177 		0.24194
0.309332 0.318536 0.308458 0.300005 0.373638 0.99521 0.198164 0.13339 0.685628 0.557792 0.514877 0.000114036 0.373221 0.524855 0.999599 0.997376 0.642226 0.00259755 	0.29187 0.308626 0.283606 0.275274 0.381494 0.99465 0.191292 0.127997 0.671994 0.532717 0.515637 0.000192916 0.3693 0.581492 0.99964 0.998089 0.673483 0.0025177 	0.276189 0.278188 0.23646 0.24194 0.419021 0.996169 0.190372 0.165532 0.666965 0.503022 0.629724 0.000366046 0.342078 0.667091 0.999789 0.996883 0.752574 0.00249343 		0.284234
0.29187 0.308626 0.283606 0.275274 0.381494 0.99465 0.191292 0.127997 0.671994 0.532717 0.515637 0.000192916 0.3693 0.581492 0.99964 0.998089 0.673483 0.0025177 	0.276189 0.278188 0.23646 0.24194 0.419021 0.996169 0.190372 0.165532 0.666965 0.503022 0.629724 0.000366046 0.342078 0.667091 0.999789 0.996883 0.752574 0.00249343 	0.250174 0.278896 0.258754 0.284234 0.351432 0.995501 0.198162 0.166216 0.700221 0.480758 0.565799 0.000666088 0.372649 0.708967 0.99964 0.995173 0.760349 0.0023936 		0.331189
0.276189 0.278188 0.23646 0.24194 0.419021 0.996169 0.190372 0.165532 0.666965 0.503022 0.629724 0.000366046 0.342078 0.667091 0.999789 0.996883 0.752574 0.00249343 	0.250174 0.278896 0.258754 0.284234 0.351432 0.995501 0.198162 0.166216 0.700221 0.480758 0.565799 0.000666088 0.372649 0.708967 0.99964 0.995173 0.760349 0.0023936 	0.285811 0.326677 0.294205 0.331189 0.358712 0.995999 0.192637 0.113838 0.65989 0.563651 0.48798 0.000296037 0.389172 0.624755 0.999623 0.999049 0.724195 0.00409993 		0.325095
0.250174 0.278896 0.258754 0.284234 0.351432 0.995501 0.198162 0.166216 0.700221 0.480758 0.565799 0.000666088 0.372649 0.708967 0.99964 0.995173 0.760349 0.0023936 	0.285811 0.326677 0.294205 0.331189 0.358712 0.995999 0.192637 0.113838 0.65989 0.563651 0.48798 0.000296037 0.389172 0.624755 0.999623 0.999049 0.724195 0.00409993 	0.357799 0.35853 0.318692 0.325095 0.497998 0.997092 0.263108 0.140733 0.67172 0.626206 0.539293 0.000185698 0.370571 0.61825 0.999628 0.99923 0.71946 0.00715663 		0.325095
0.285811 0.326677 0.294205 0.331189 0.358712 0.995999 0.192637 0.113838 0.65989 0.563651 0.48798 0.000296037 0.389172 0.624755 0.999623 0.999049 0.724195 0.00409993 	0.357799 0.35853 0.318692 0.325095 0.497998 0.997092 0.263108 0.140733 0.67172 0.626206 0.539293 0.000185698 0.370571 0.61825 0.999628 0.99923 0.71946 0.00715663 	0.326794 0.334463 0.327097 0.325095 0.26654 0.997398 0.199311 0.156771 0.68848 0.592495 0.470121 0.000158692 0.375578 0.603856 0.99965 0.999153 0.662853 0.0040564 		0.358788
0.357799 0.35853 0.318692 0.325095 0.497998 0.997092 0.263108 0.140733 0.67172 0.626206 0.539293 0.000185698 0.370571 0.61825 0.999628 0.99923 0.71946 0.00715663 	0.326794 0.334463 0.327097 0.325095 0.26654 0.997398 0.199311 0.156771 0.68848 0.592495 0.470121 0.000158692 0.375578 0.603856 0.99965 0.999153 0.662853 0.0040564 	0.328576 0.354991 0.339523 0.358788 0.292651 0.99609 0.191952 0.14319 0.659989 0.664853 0.544158 0.000168314 0.396303 0.566739 0.9995 0.99954 0.749128 0.0057237 		0.399649
0.326794 0.334463 0.327097 0.325095 0.26654 0.997398 0.199311 0.156771 0.68848 0.592495 0.470121 0.000158692 0.375578 0.603856 0.99965 0.999153 0.662853 0.0040564 	0.328576 0.354991 0.339523 0.358788 0.292651 0.99609 0.191952 0.14319 0.659989 0.664853 0.544158 0.000168314 0.396303 0.566739 0.9995 0.99954 0.749128 0.0057237 	0.369915 0.408081 0.377898 0.399649 0.621535 0.990861 0.243192 0.0497352 0.602097 0.620306 0.394086 0.0002795 0.447893 0.560456 0.99933 0.999842 0.781573 0.00740776 		0.390688
0.328576 0.354991 0.339523 0.358788 0.292651 0.99609 0.191952 0.14319 0.659989 0.664853 0.544158 0.000168314 0.396303 0.566739 0.9995 0.99954 0.749128 0.0057237 	0.369915 0.408081 0.377898 0.399649 0.621535 0.990861 0.243192 0.0497352 0.602097 0.620306 0.394086 0.0002795 0.447893 0.560456 0.99933 0.999842 0.781573 0.00740776 	0.391654 0.398524 0.386304 0.390688 0.318838 0.998445 0.218755 0.126799 0.696417 0.679781 0.553638 0.000208042 0.373412 0.679153 0.999586 0.999122 0.60948 0.0115241 		0.39033
0.369915 0.408081 0.377898 0.399649 0.621535 0.990861 0.243192 0.0497352 0.602097 0.620306 0.394086 0.0002795 0.447893 0.560456 0.99933 0.999842 0.781573 0.00740776 	0.391654 0.398524 0.386304 0.390688 0.318838 0.998445 0.218755 0.126799 0.696417 0.679781 0.553638 0.000208042 0.373412 0.679153 0.999586 0.999122 0.60948 0.0115241 	0.384527 0.392154 0.391055 0.39033 0.339787 0.999003 0.279216 0.112444 0.666122 0.672104 0.572766 0.000305582 0.371524 0.705815 0.999732 0.999508 0.683186 0.0136409 		0.361655
0.391654 0.398524 0.386304 0.390688 0.318838 0.998445 0.218755 0.126799 0.696417 0.679781 0.553638 0.000208042 0.373412 0.679153 0.999586 0.999122 0.60948 0.0115241 	0.384527 0.392154 0.391055 0.39033 0.339787 0.999003 0.279216 0.112444 0.666122 0.672104 0.572766 0.000305582 0.371524 0.705815 0.999732 0.999508 0.683186 0.0136409 	0.394149 0.389322 0.370954 0.361655 0.243612 0.998418 0.188321 0.163907 0.673304 0.682666 0.604794 0.000268859 0.355593 0.697814 0.999663 0.999533 0.647373 0.010409 		0.352336
0.384527 0.392154 0.391055 0.39033 0.339787 0.999003 0.279216 0.112444 0.666122 0.672104 0.572766 0.000305582 0.371524 0.705815 0.999732 0.999508 0.683186 0.0136409 	0.394149 0.389322 0.370954 0.361655 0.243612 0.998418 0.188321 0.163907 0.673304 0.682666 0.604794 0.000268859 0.355593 0.697814 0.999663 0.999533 0.647373 0.010409 	0.358511 0.404541 0.360721 0.352336 0.416559 0.997204 0.198369 0.076092 0.59647 0.625328 0.4804 0.0004683 0.403355 0.69653 0.999655 0.999905 0.779926 0.0115194 		0.348393
0.394149 0.389322 0.370954 0.361655 0.243612 0.998418 0.188321 0.163907 0.673304 0.682666 0.604794 0.000268859 0.355593 0.697814 0.999663 0.999533 0.647373 0.010409 	0.358511 0.404541 0.360721 0.352336 0.416559 0.997204 0.198369 0.076092 0.59647 0.625328 0.4804 0.0004683 0.403355 0.69653 0.999655 0.999905 0.779926 0.0115194 	0.353166 0.353222 0.34062 0.348393 0.273709 0.99774 0.142292 0.132683 0.665243 0.683758 0.541214 0.000481443 0.360263 0.697126 0.999618 0.999792 0.703334 0.00928657 		0.345884
0.358511 0.404541 0.360721 0.352336 0.416559 0.997204 0.198369 0.076092 0.59647 0.625328 0.4804 0.0004683 0.403355 0.69653 0.999655 0.999905 0.779926 0.0115194 	0.353166 0.353222 0.34062 0.348393 0.273709 0.99774 0.142292 0.132683 0.665243 0.683758 0.541214 0.000481443 0.360263 0.697126 0.999618 0.999792 0.703334 0.00928657 	0.34782 0.351806 0.349757 0.345884 0.188889 0.998869 0.202377 0.148947 0.658569 0.706613 0.618527 0.00057339 0.339556 0.764292 0.999759 0.999806 0.726801 0.0218679 		0.343017
0.353166 0.353222 0.34062 0.348393 0.273709 0.99774 0.142292 0.132683 0.665243 0.683758 0.541214 0.000481443 0.360263 0.697126 0.999618 0.999792 0.703334 0.00928657 	0.34782 0.351806 0.349757 0.345884 0.188889 0.998869 0.202377 0.148947 0.658569 0.706613 0.618527 0.00057339 0.339556 0.764292 0.999759 0.999806 0.726801 0.0218679 	0.348889 0.350744 0.341716 0.343017 0.187538 0.998649 0.229814 0.174474 0.672829 0.755572 0.531506 0.000253922 0.327551 0.676704 0.999588 0.999874 0.694458 0.0173787 		0.37886
0.34782 0.351806 0.349757 0.345884 0.188889 0.998869 0.202377 0.148947 0.658569 0.706613 0.618527 0.00057339 0.339556 0.764292 0.999759 0.999806 0.726801 0.0218679 	0.348889 0.350744 0.341716 0.343017 0.187538 0.998649 0.229814 0.174474 0.672829 0.755572 0.531506 0.000253922 0.327551 0.676704 0.999588 0.999874 0.694458 0.0173787 	0.343544 0.373042 0.346833 0.37886 0.259181 0.998921 0.184263 0.16446 0.665216 0.761415 0.459653 0.000261914 0.331719 0.681682 0.999656 0.999937 0.601196 0.0171755 		0.39033
0.348889 0.350744 0.341716 0.343017 0.187538 0.998649 0.229814 0.174474 0.672829 0.755572 0.531506 0.000253922 0.327551 0.676704 0.999588 0.999874 0.694458 0.0173787 	0.343544 0.373042 0.346833 0.37886 0.259181 0.998921 0.184263 0.16446 0.665216 0.761415 0.459653 0.000261914 0.331719 0.681682 0.999656 0.999937 0.601196 0.0171755 	0.383814 0.390384 0.393979 0.39033 0.259483 0.998885 0.216473 0.189193 0.627248 0.691022 0.586206 0.000214797 0.366971 0.708944 0.999834 0.999889 0.702514 0.0142969 		0.259144
0.343544 0.373042 0.346833 0.37886 0.259181 0.998921 0.184263 0.16446 0.665216 0.761415 0.459653 0.000261914 0.331719 0.681682 0.999656 0.999937 0.601196 0.0171755 	0.383814 0.390384 0.393979 0.39033 0.259483 0.998885 0.216473 0.189193 0.627248 0.691022 0.586206 0.000214797 0.366971 0.708944 0.999834 0.999889 0.702514 0.0142969 	0.321805 0.324553 0.270815 0.259144 0.251909 0.998452 0.157036 0.234026 0.693703 0.656241 0.523363 0.000353279 0.31375 0.69629 0.999696 0.999625 0.678468 0.00596547 		0.30298
0.383814 0.390384 0.393979 0.39033 0.259483 0.998885 0.216473 0.189193 0.627248 0.691022 0.586206 0.000214797 0.366971 0.708944 0.999834 0.999889 0.702514 0.0142969 	0.321805 0.324553 0.270815 0.259144 0.251909 0.998452 0.157036 0.234026 0.693703 0.656241 0.523363 0.000353279 0.31375 0.69629 0.999696 0.999625 0.678468 0.00596547 	0.277802 0.307438 0.28596 0.30298 0.339004 0.998361 0.143124 0.181371 0.675187 0.670253 0.55713 0.000727516 0.337504 0.751801 0.999667 0.999752 0.752944 0.00918049 		0.359133
0.321805 0.324553 0.270815 0.259144 0.251909 0.998452 0.157036 0.234026 0.693703 0.656241 0.523363 0.000353279 0.31375 0.69629 0.999696 0.999625 0.678468 0.00596547 	0.277802 0.307438 0.28596 0.30298 0.339004 0.998361 0.143124 0.181371 0.675187 0.670253 0.55713 0.000727516 0.337504 0.751801 0.999667 0.999752 0.752944 0.00918049 	0.308059 0.358236 0.318836 0.359133 0.274846 0.998495 0.220255 0.19798 0.699057 0.719973 0.452859 0.000198487 0.344166 0.65582 0.999547 0.999797 0.618095 0.0104844 		0.361307
0.277802 0.307438 0.28596 0.30298 0.339004 0.998361 0.143124 0.181371 0.675187 0.670253 0.55713 0.000727516 0.337504 0.751801 0.999667 0.999752 0.752944 0.00918049 	0.308059 0.358236 0.318836 0.359133 0.274846 0.998495 0.220255 0.19798 0.699057 0.719973 0.452859 0.000198487 0.344166 0.65582 0.999547 0.999797 0.618095 0.0104844 	0.361729 0.362528 0.35947 0.361307 0.193912 0.998027 0.171888 0.206022 0.690777 0.729921 0.497474 0.00018851 0.360564 0.628487 0.999455 0.999808 0.654199 0.00838787 		0.367465
0.308059 0.358236 0.318836 0.359133 0.274846 0.998495 0.220255 0.19798 0.699057 0.719973 0.452859 0.000198487 0.344166 0.65582 0.999547 0.999797 0.618095 0.0104844 	0.361729 0.362528 0.35947 0.361307 0.193912 0.998027 0.171888 0.206022 0.690777 0.729921 0.497474 0.00018851 0.360564 0.628487 0.999455 0.999808 0.654199 0.00838787 	0.370734 0.378626 0.370182 0.367465 0.18988 0.99808 0.118371 0.173738 0.690189 0.693799 0.564301 0.000614989 0.368418 0.740045 0.999516 0.999713 0.697394 0.00916688 		0.379783
0.361729 0.362528 0.35947 0.361307 0.193912 0.998027 0.171888 0.206022 0.690777 0.729921 0.497474 0.00018851 0.360564 0.628487 0.999455 0.999808 0.654199 0.00838787 	0.370734 0.378626 0.370182 0.367465 0.18988 0.99808 0.118371 0.173738 0.690189 0.693799 0.564301 0.000614989 0.368418 0.740045 0.999516 0.999713 0.697394 0.00916688 	0.375056 0.373976 0.374615 0.379783 0.170498 0.998006 0.178002 0.173168 0.65322 0.741136 0.565889 0.000278052 0.35792 0.669404 0.999587 0.999878 0.675855 0.0117722 		0.366741
0.370734 0.378626 0.370182 0.367465 0.18988 0.99808 0.118371 0.173738 0.690189 0.693799 0.564301 0.000614989 0.368418 0.740045 0.999516 0.999713 0.697394 0.00916688 	0.375056 0.373976 0.374615 0.379783 0.170498 0.998006 0.178002 0.173168 0.65322 0.741136 0.565889 0.000278052 0.35792 0.669404 0.999587 0.999878 0.675855 0.0117722 	0.38298 0.37648 0.353929 0.366741 0.242608 0.99844 0.0808528 0.153258 0.664402 0.697538 0.620977 0.000992889 0.371765 0.779005 0.999607 0.999799 0.713626 0.0090293 		0.346091
0.375056 0.373976 0.374615 0.379783 0.170498 0.998006 0.178002 0.173168 0.65322 0.741136 0.565889 0.000278052 0.35792 0.669404 0.999587 0.999878 0.675855 0.0117722 	0.38298 0.37648 0.353929 0.366741 0.242608 0.99844 0.0808528 0.153258 0.664402 0.697538 0.620977 0.000992889 0.371765 0.779005 0.999607 0.999799 0.713626 0.0090293 	0.357406 0.363244 0.355037 0.346091 0.18656 0.998465 0.158222 0.167376 0.641976 0.750371 0.531396 0.00017549 0.333119 0.624393 0.999574 0.999905 0.628238 0.00910473 		0.332687
0.38298 0.37648 0.353929 0.366741 0.242608 0.99844 0.0808528 0.153258 0.664402 0.697538 0.620977 0.000992889 0.371765 0.779005 0.999607 0.999799 0.713626 0.0090293 	0.357406 0.363244 0.355037 0.346091 0.18656 0.998465 0.158222 0.167376 0.641976 0.750371 0.531396 0.00017549 0.333119 0.624393 0.999574 0.999905 0.628238 0.00910473 	0.330031 0.33391 0.333982 0.332687 0.185462 0.998494 0.154395 0.174115 0.660564 0.741759 0.52991 0.000241192 0.32779 0.648485 0.999547 0.999864 0.638586 0.00862773 		0.317109
0.357406 0.363244 0.355037 0.346091 0.18656 0.998465 0.158222 0.167376 0.641976 0.750371 0.531396 0.00017549 0.333119 0.624393 0.999574 0.999905 0.628238 0.00910473 	0.330031 0.33391 0.333982 0.332687 0.185462 0.998494 0.154395 0.174115 0.660564 0.741759 0.52991 0.000241192 0.32779 0.648485 0.999547 0.999864 0.638586 0.00862773 	0.340477 0.339276 0.324377 0.317109 0.219341 0.998595 0.151023 0.201457 0.644349 0.766074 0.583571 0.000321178 0.330342 0.67253 0.99955 0.999928 0.741456 0.0109991 		0.289214
0.330031 0.33391 0.333982 0.332687 0.185462 0.998494 0.154395 0.174115 0.660564 0.741759 0.52991 0.000241192 0.32779 0.648485 0.999547 0.999864 0.638586 0.00862773 	0.340477 0.339276 0.324377 0.317109 0.219341 0.998595 0.151023 0.201457 0.644349 0.766074 0.583571 0.000321178 0.330342 0.67253 0.99955 0.999928 0.741456 0.0109991 	0.295812 0.302072 0.297411 0.289214 0.166006 0.998929 0.160029 0.163981 0.656926 0.763725 0.616075 0.000525032 0.307838 0.690922 0.999551 0.99985 0.73208 0.0120733 		0.317833
0.340477 0.339276 0.324377 0.317109 0.219341 0.998595 0.151023 0.201457 0.644349 0.766074 0.583571 0.000321178 0.330342 0.67253 0.99955 0.999928 0.741456 0.0109991 	0.295812 0.302072 0.297411 0.289214 0.166006 0.998929 0.160029 0.163981 0.656926 0.763725 0.616075 0.000525032 0.307838 0.690922 0.999551 0.99985 0.73208 0.0120733 	0.304097 0.314951 0.304799 0.317833 0.168915 0.999062 0.0973784 0.122183 0.665161 0.767183 0.645352 0.000792997 0.315693 0.727466 0.999446 0.999786 0.70612 0.0119434 		0.303705
0.295812 0.302072 0.297411 0.289214 0.166006 0.998929 0.160029 0.163981 0.656926 0.763725 0.616075 0.000525032 0.307838 0.690922 0.999551 0.99985 0.73208 0.0120733 	0.304097 0.314951 0.304799 0.317833 0.168915 0.999062 0.0973784 0.122183 0.665161 0.767183 0.645352 0.000792997 0.315693 0.727466 0.999446 0.999786 0.70612 0.0119434 	0.324268 0.327471 0.314773 0.303705 0.214221 0.999399 0.178295 0.139587 0.637633 0.808494 0.593438 0.00024764 0.288167 0.652765 0.999646 0.999936 0.66245 0.0219308 		0.289214
0.304097 0.314951 0.304799 0.317833 0.168915 0.999062 0.0973784 0.122183 0.665161 0.767183 0.645352 0.000792997 0.315693 0.727466 0.999446 0.999786 0.70612 0.0119434 	0.324268 0.327471 0.314773 0.303705 0.214221 0.999399 0.178295 0.139587 0.637633 0.808494 0.593438 0.00024764 0.288167 0.652765 0.999646 0.999936 0.66245 0.0219308 	0.337235 0.331048 0.299997 0.289214 0.290579 0.999378 0.119563 0.134879 0.640146 0.782662 0.568796 0.000435832 0.295981 0.7074 0.999651 0.99994 0.675417 0.0169003 		0.2711
0.324268 0.327471 0.314773 0.303705 0.214221 0.999399 0.178295 0.139587 0.637633 0.808494 0.593438 0.00024764 0.288167 0.652765 0.999646 0.999936 0.66245 0.0219308 	0.337235 0.331048 0.299997 0.289214 0.290579 0.999378 0.119563 0.134879 0.640146 0.782662 0.568796 0.000435832 0.295981 0.7074 0.999651 0.99994 0.675417 0.0169003 	0.290049 0.288479 0.27377 0.2711 0.263382 0.9994 0.163097 0.151792 0.647144 0.791497 0.512495 0.000345085 0.279644 0.698998 0.999655 0.999955 0.684958 0.0196527 		0.284866
0.337235 0.331048 0.299997 0.289214 0.290579 0.999378 0.119563 0.134879 0.640146 0.782662 0.568796 0.000435832 0.295981 0.7074 0.999651 0.99994 0.675417 0.0169003 	0.290049 0.288479 0.27377 0.2711 0.263382 0.9994 0.163097 0.151792 0.647144 0.791497 0.512495 0.000345085 0.279644 0.698998 0.999655 0.999955 0.684958 0.0196527 	0.272039 0.291698 0.281527 0.284866 0.246842 0.999277 0.113822 0.154434 0.643597 0.777686 0.587972 0.000739997 0.298418 0.760777 0.999643 0.999952 0.72215 0.0163195 		0.309139
0.290049 0.288479 0.27377 0.2711 0.263382 0.9994 0.163097 0.151792 0.647144 0.791497 0.512495 0.000345085 0.279644 0.698998 0.999655 0.999955 0.684958 0.0196527 	0.272039 0.291698 0.281527 0.284866 0.246842 0.999277 0.113822 0.154434 0.643597 0.777686 0.587972 0.000739997 0.298418 0.760777 0.999643 0.999952 0.72215 0.0163195 	0.287168 0.302788 0.297411 0.309139 0.275945 0.999513 0.156925 0.152405 0.662805 0.790086 0.488685 0.000477194 0.284288 0.742788 0.999619 0.999948 0.612375 0.0173451 		0.317109
0.272039 0.291698 0.281527 0.284866 0.246842 0.999277 0.113822 0.154434 0.643597 0.777686 0.587972 0.000739997 0.298418 0.760777 0.999643 0.999952 0.72215 0.0163195 	0.287168 0.302788 0.297411 0.309139 0.275945 0.999513 0.156925 0.152405 0.662805 0.790086 0.488685 0.000477194 0.284288 0.742788 0.999619 0.999948 0.612375 0.0173451 	0.311301 0.314951 0.3229 0.317109 0.234366 0.999439 0.135384 0.175444 0.663882 0.83059 0.499156 0.000279192 0.29391 0.683711 0.99938 0.999966 0.635416 0.0154266 		0.322181
0.287168 0.302788 0.297411 0.309139 0.275945 0.999513 0.156925 0.152405 0.662805 0.790086 0.488685 0.000477194 0.284288 0.742788 0.999619 0.999948 0.612375 0.0173451 	0.311301 0.314951 0.3229 0.317109 0.234366 0.999439 0.135384 0.175444 0.663882 0.83059 0.499156 0.000279192 0.29391 0.683711 0.99938 0.999966 0.635416 0.0154266 	0.317784 0.318886 0.319575 0.322181 0.149608 0.999554 0.160659 0.16693 0.667027 0.815156 0.522053 0.000412229 0.294423 0.723699 0.999368 0.999946 0.651916 0.0147893 		0.330151
0.311301 0.314951 0.3229 0.317109 0.234366 0.999439 0.135384 0.175444 0.663882 0.83059 0.499156 0.000279192 0.29391 0.683711 0.99938 0.999966 0.635416 0.0154266 	0.317784 0.318886 0.319575 0.322181 0.149608 0.999554 0.160659 0.16693 0.667027 0.815156 0.522053 0.000412229 0.294423 0.723699 0.999368 0.999946 0.651916 0.0147893 	0.325709 0.339276 0.338045 0.330151 0.211822 0.999345 0.123292 0.127938 0.628258 0.839783 0.566833 0.000710066 0.310036 0.718914 0.999245 0.999975 0.728003 0.0185671 		0.340657
0.317784 0.318886 0.319575 0.322181 0.149608 0.999554 0.160659 0.16693 0.667027 0.815156 0.522053 0.000412229 0.294423 0.723699 0.999368 0.999946 0.651916 0.0147893 	0.325709 0.339276 0.338045 0.330151 0.211822 0.999345 0.123292 0.127938 0.628258 0.839783 0.566833 0.000710066 0.310036 0.718914 0.999245 0.999975 0.728003 0.0185671 	0.330391 0.336414 0.341 0.340657 0.162681 0.99945 0.210455 0.132649 0.667507 0.825806 0.464646 0.000374773 0.289275 0.70228 0.999386 0.999955 0.562273 0.0214988 		0.351887
0.325709 0.339276 0.338045 0.330151 0.211822 0.999345 0.123292 0.127938 0.628258 0.839783 0.566833 0.000710066 0.310036 0.718914 0.999245 0.999975 0.728003 0.0185671 	0.330391 0.336414 0.341 0.340657 0.162681 0.99945 0.210455 0.132649 0.667507 0.825806 0.464646 0.000374773 0.289275 0.70228 0.999386 0.999955 0.562273 0.0214988 	0.3466 0.348577 0.3591 0.351887 0.17401 0.999464 0.114218 0.128653 0.665965 0.819892 0.565108 0.000996978 0.3173 0.760138 0.999259 0.999935 0.684761 0.0181007 		0.332325
0.330391 0.336414 0.341 0.340657 0.162681 0.99945 0.210455 0.132649 0.667507 0.825806 0.464646 0.000374773 0.289275 0.70228 0.999386 0.999955 0.562273 0.0214988 	0.3466 0.348577 0.3591 0.351887 0.17401 0.999464 0.114218 0.128653 0.665965 0.819892 0.565108 0.000996978 0.3173 0.760138 0.999259 0.999935 0.684761 0.0181007 	0.351283 0.343211 0.338414 0.332325 0.27275 0.999388 0.162139 0.125265 0.65971 0.839098 0.487357 0.000335731 0.302998 0.666724 0.99904 0.999958 0.647165 0.017243 		0.369639
0.3466 0.348577 0.3591 0.351887 0.17401 0.999464 0.114218 0.128653 0.665965 0.819892 0.565108 0.000996978 0.3173 0.760138 0.999259 0.999935 0.684761 0.0181007 	0.351283 0.343211 0.338414 0.332325 0.27275 0.999388 0.162139 0.125265 0.65971 0.839098 0.487357 0.000335731 0.302998 0.666724 0.99904 0.999958 0.647165 0.017243 	0.331832 0.362886 0.338784 0.369639 0.24681 0.999279 0.140818 0.0975305 0.667552 0.843052 0.445176 0.000403815 0.316725 0.671852 0.998835 0.99996 0.599613 0.0160549 		0.367103
0.351283 0.343211 0.338414 0.332325 0.27275 0.999388 0.162139 0.125265 0.65971 0.839098 0.487357 0.000335731 0.302998 0.666724 0.99904 0.999958 0.647165 0.017243 	0.331832 0.362886 0.338784 0.369639 0.24681 0.999279 0.140818 0.0975305 0.667552 0.843052 0.445176 0.000403815 0.316725 0.671852 0.998835 0.99996 0.599613 0.0160549 	0.369293 0.36861 0.374615 0.367103 0.201921 0.999508 0.104019 0.12658 0.650538 0.84694 0.603585 0.000385665 0.331201 0.674442 0.999014 0.99994 0.690767 0.0142361 		0.377247
0.331832 0.362886 0.338784 0.369639 0.24681 0.999279 0.140818 0.0975305 0.667552 0.843052 0.445176 0.000403815 0.316725 0.671852 0.998835 0.99996 0.599613 0.0160549 	0.369293 0.36861 0.374615 0.367103 0.201921 0.999508 0.104019 0.12658 0.650538 0.84694 0.603585 0.000385665 0.331201 0.674442 0.999014 0.99994 0.690767 0.0142361 	0.376137 0.37326 0.377939 0.377247 0.226173 0.999086 0.110517 0.121424 0.6497 0.804884 0.569535 0.000720295 0.344803 0.724985 0.998948 0.999917 0.681877 0.00940375 		0.341744
0.369293 0.36861 0.374615 0.367103 0.201921 0.999508 0.104019 0.12658 0.650538 0.84694 0.603585 0.000385665 0.331201 0.674442 0.999014 0.99994 0.690767 0.0142361 	0.376137 0.37326 0.377939 0.377247 0.226173 0.999086 0.110517 0.121424 0.6497 0.804884 0.569535 0.000720295 0.344803 0.724985 0.998948 0.999917 0.681877 0.00940375 	0.368933 0.36074 0.353559 0.341744 0.235471 0.999301 0.124126 0.100566 0.646934 0.792099 0.490327 0.000609991 0.32533 0.723599 0.998914 0.99992 0.633934 0.00821513 		0.35225
0.376137 0.37326 0.377939 0.377247 0.226173 0.999086 0.110517 0.121424 0.6497 0.804884 0.569535 0.000720295 0.344803 0.724985 0.998948 0.999917 0.681877 0.00940375 	0.368933 0.36074 0.353559 0.341744 0.235471 0.999301 0.124126 0.100566 0.646934 0.792099 0.490327 0.000609991 0.32533 0.723599 0.998914 0.99992 0.633934 0.00821513 	0.3466 0.34965 0.350974 0.35225 0.168337 0.999628 0.122726 0.132701 0.652817 0.840383 0.559531 0.000416411 0.306148 0.715661 0.999004 0.999939 0.627404 0.0110658 		0.341381
0.368933 0.36074 0.353559 0.341744 0.235471 0.999301 0.124126 0.100566 0.646934 0.792099 0.490327 0.000609991 0.32533 0.723599 0.998914 0.99992 0.633934 0.00821513 	0.3466 0.34965 0.350974 0.35225 0.168337 0.999628 0.122726 0.132701 0.652817 0.840383 0.559531 0.000416411 0.306148 0.715661 0.999004 0.999939 0.627404 0.0110658 	0.34516 0.340349 0.341 0.341381 0.207821 0.999559 0.161166 0.112201 0.70491 0.793144 0.445677 0.000789094 0.312264 0.735759 0.998719 0.99978 0.548914 0.00774877 		0.333411
0.3466 0.34965 0.350974 0.35225 0.168337 0.999628 0.122726 0.132701 0.652817 0.840383 0.559531 0.000416411 0.306148 0.715661 0.999004 0.999939 0.627404 0.0110658 	0.34516 0.340349 0.341 0.341381 0.207821 0.999559 0.161166 0.112201 0.70491 0.793144 0.445677 0.000789094 0.312264 0.735759 0.998719 0.99978 0.548914 0.00774877 	0.340837 0.338561 0.343216 0.333411 0.178348 0.999197 0.129919 0.119991 0.698754 0.840477 0.576843 0.00133435 0.322457 0.725727 0.997564 0.999841 0.736655 0.0104486 		0.358046
0.34516 0.340349 0.341 0.341381 0.207821 0.999559 0.161166 0.112201 0.70491 0.793144 0.445677 0.000789094 0.312264 0.735759 0.998719 0.99978 0.548914 0.00774877 	0.340837 0.338561 0.343216 0.333411 0.178348 0.999197 0.129919 0.119991 0.698754 0.840477 0.576843 0.00133435 0.322457 0.725727 0.997564 0.999841 0.736655 0.0104486 	0.321747 0.353943 0.32253 0.358046 0.297599 0.999306 0.103541 0.0853352 0.682664 0.827987 0.537447 0.00237363 0.349246 0.789811 0.997676 0.999908 0.760337 0.0128018 		0.348989
0.340837 0.338561 0.343216 0.333411 0.178348 0.999197 0.129919 0.119991 0.698754 0.840477 0.576843 0.00133435 0.322457 0.725727 0.997564 0.999841 0.736655 0.0104486 	0.321747 0.353943 0.32253 0.358046 0.297599 0.999306 0.103541 0.0853352 0.682664 0.827987 0.537447 0.00237363 0.349246 0.789811 0.997676 0.999908 0.760337 0.0128018 	0.353804 0.351439 0.357623 0.348989 0.207728 0.99965 0.104168 0.134477 0.701771 0.875614 0.568529 0.00100643 0.321949 0.733488 0.997469 0.99992 0.721065 0.0158456 		0.350801
0.321747 0.353943 0.32253 0.358046 0.297599 0.999306 0.103541 0.0853352 0.682664 0.827987 0.537447 0.00237363 0.349246 0.789811 0.997676 0.999908 0.760337 0.0128018 	0.353804 0.351439 0.357623 0.348989 0.207728 0.99965 0.104168 0.134477 0.701771 0.875614 0.568529 0.00100643 0.321949 0.733488 0.997469 0.99992 0.721065 0.0158456 	0.349842 0.361455 0.357253 0.350801 0.28007 0.999695 0.141745 0.11717 0.692901 0.87733 0.463021 0.00065889 0.301367 0.727037 0.998304 0.999965 0.643004 0.0227448 		0.373986
0.353804 0.351439 0.357623 0.348989 0.207728 0.99965 0.104168 0.134477 0.701771 0.875614 0.568529 0.00100643 0.321949 0.733488 0.997469 0.99992 0.721065 0.0158456 	0.349842 0.361455 0.357253 0.350801 0.28007 0.999695 0.141745 0.11717 0.692901 0.87733 0.463021 0.00065889 0.301367 0.727037 0.998304 0.999965 0.643004 0.0227448 	0.359928 0.372903 0.368705 0.373986 0.285184 0.999558 0.103007 0.103595 0.671039 0.890911 0.486596 0.000688916 0.313848 0.720068 0.997671 0.999981 0.645793 0.0200911 		0.381232
0.349842 0.361455 0.357253 0.350801 0.28007 0.999695 0.141745 0.11717 0.692901 0.87733 0.463021 0.00065889 0.301367 0.727037 0.998304 0.999965 0.643004 0.0227448 	0.359928 0.372903 0.368705 0.373986 0.285184 0.999558 0.103007 0.103595 0.671039 0.890911 0.486596 0.000688916 0.313848 0.720068 0.997671 0.999981 0.645793 0.0200911 	0.377217 0.382919 0.386066 0.381232 0.178672 0.999529 0.100807 0.128368 0.653443 0.897425 0.583713 0.00078293 0.315351 0.703046 0.997636 0.999979 0.696149 0.0178682 		0.413474
0.359928 0.372903 0.368705 0.373986 0.285184 0.999558 0.103007 0.103595 0.671039 0.890911 0.486596 0.000688916 0.313848 0.720068 0.997671 0.999981 0.645793 0.0200911 	0.377217 0.382919 0.386066 0.381232 0.178672 0.999529 0.100807 0.128368 0.653443 0.897425 0.583713 0.00078293 0.315351 0.703046 0.997636 0.999979 0.696149 0.0178682 	0.389464 0.407602 0.396409 0.413474 0.244807 0.999485 0.0898689 0.110704 0.636797 0.903284 0.56608 0.00077375 0.331609 0.715688 0.997363 0.999988 0.687448 0.0200963 		0.430501
0.377217 0.382919 0.386066 0.381232 0.178672 0.999529 0.100807 0.128368 0.653443 0.897425 0.583713 0.00078293 0.315351 0.703046 0.997636 0.999979 0.696149 0.0178682 	0.389464 0.407602 0.396409 0.413474 0.244807 0.999485 0.0898689 0.110704 0.636797 0.903284 0.56608 0.00077375 0.331609 0.715688 0.997363 0.999988 0.687448 0.0200963 	0.423683 0.424773 0.433349 0.430501 0.272601 0.999703 0.114089 0.104144 0.648068 0.894491 0.509438 0.000716602 0.327414 0.743262 0.997845 0.999985 0.629833 0.021336 		0.466367
0.389464 0.407602 0.396409 0.413474 0.244807 0.999485 0.0898689 0.110704 0.636797 0.903284 0.56608 0.00077375 0.331609 0.715688 0.997363 0.999988 0.687448 0.0200963 	0.423683 0.424773 0.433349 0.430501 0.272601 0.999703 0.114089 0.104144 0.648068 0.894491 0.509438 0.000716602 0.327414 0.743262 0.997845 0.999985 0.629833 0.021336 	0.433408 0.459473 0.448494 0.466367 0.263347 0.99954 0.0984451 0.108953 0.632021 0.9107 0.512156 0.00047825 0.351548 0.708412 0.997307 0.999993 0.652145 0.0239999 		0.459121
0.423683 0.424773 0.433349 0.430501 0.272601 0.999703 0.114089 0.104144 0.648068 0.894491 0.509438 0.000716602 0.327414 0.743262 0.997845 0.999985 0.629833 0.021336 	0.433408 0.459473 0.448494 0.466367 0.263347 0.99954 0.0984451 0.108953 0.632021 0.9107 0.512156 0.00047825 0.351548 0.708412 0.997307 0.999993 0.652145 0.0239999 	0.460063 0.456969 0.467333 0.459121 0.272096 0.999653 0.0901724 0.100685 0.626894 0.914948 0.537228 0.000627216 0.34127 0.727675 0.997333 0.999993 0.638092 0.0266882 		0.478684
0.433408 0.459473 0.448494 0.466367 0.263347 0.99954 0.0984451 0.108953 0.632021 0.9107 0.512156 0.00047825 0.351548 0.708412 0.997307 0.999993 0.652145 0.0239999 	0.460063 0.456969 0.467333 0.459121 0.272096 0.999653 0.0901724 0.100685 0.626894 0.914948 0.537228 0.000627216 0.34127 0.727675 0.997333 0.999993 0.638092 0.0266882 	0.462944 0.479863 0.473613 0.478684 0.250799 0.999647 0.0610706 0.0811739 0.638385 0.919775 0.594984 0.00240035 0.369995 0.801549 0.99549 0.999992 0.734847 0.0311163 		0.506942
0.460063 0.456969 0.467333 0.459121 0.272096 0.999653 0.0901724 0.100685 0.626894 0.914948 0.537228 0.000627216 0.34127 0.727675 0.997333 0.999993 0.638092 0.0266882 	0.462944 0.479863 0.473613 0.478684 0.250799 0.999647 0.0610706 0.0811739 0.638385 0.919775 0.594984 0.00240035 0.369995 0.801549 0.99549 0.999992 0.734847 0.0311163 	0.492841 0.509912 0.507597 0.506942 0.18496 0.99961 0.141295 0.109742 0.636513 0.916699 0.534947 0.00110805 0.354682 0.791212 0.997231 0.999995 0.638481 0.0409338 		0.505493
0.462944 0.479863 0.473613 0.478684 0.250799 0.999647 0.0610706 0.0811739 0.638385 0.919775 0.594984 0.00240035 0.369995 0.801549 0.99549 0.999992 0.734847 0.0311163 	0.492841 0.509912 0.507597 0.506942 0.18496 0.99961 0.141295 0.109742 0.636513 0.916699 0.534947 0.00110805 0.354682 0.791212 0.997231 0.999995 0.638481 0.0409338 	0.50869 0.503473 0.495038 0.505493 0.32384 0.999878 0.120837 0.119682 0.657095 0.91751 0.459255 0.000312685 0.357791 0.737695 0.998956 0.999995 0.533871 0.0612956 		0.496798
0.492841 0.509912 0.507597 0.506942 0.18496 0.99961 0.141295 0.109742 0.636513 0.916699 0.534947 0.00110805 0.354682 0.791212 0.997231 0.999995 0.638481 0.0409338 	0.50869 0.503473 0.495038 0.505493 0.32384 0.999878 0.120837 0.119682 0.657095 0.91751 0.459255 0.000312685 0.357791 0.737695 0.998956 0.999995 0.533871 0.0612956 	0.499685 0.499538 0.49984 0.496798 0.240086 0.999699 0.23644 0.107242 0.648784 0.903726 0.416819 0.000401514 0.342398 0.754786 0.998698 0.999995 0.538249 0.0679266 		0.497885
0.50869 0.503473 0.495038 0.505493 0.32384 0.999878 0.120837 0.119682 0.657095 0.91751 0.459255 0.000312685 0.357791 0.737695 0.998956 0.999995 0.533871 0.0612956 	0.499685 0.499538 0.49984 0.496798 0.240086 0.999699 0.23644 0.107242 0.648784 0.903726 0.416819 0.000401514 0.342398 0.754786 0.998698 0.999995 0.538249 0.0679266 	0.490319 0.504904 0.492082 0.497885 0.251645 0.999604 0.171536 0.121261 0.646509 0.906839 0.493571 0.000383218 0.342572 0.738522 0.998493 0.999994 0.533779 0.0560635 		0.508753
0.499685 0.499538 0.49984 0.496798 0.240086 0.999699 0.23644 0.107242 0.648784 0.903726 0.416819 0.000401514 0.342398 0.754786 0.998698 0.999995 0.538249 0.0679266 	0.490319 0.504904 0.492082 0.497885 0.251645 0.999604 0.171536 0.121261 0.646509 0.906839 0.493571 0.000383218 0.342572 0.738522 0.998493 0.999994 0.533779 0.0560635 	0.500045 0.507051 0.510552 0.508753 0.171384 0.999552 0.155597 0.111169 0.648769 0.910463 0.534345 0.000604986 0.35585 0.766175 0.998259 0.999993 0.611379 0.0637896 		0.5544
0.490319 0.504904 0.492082 0.497885 0.251645 0.999604 0.171536 0.121261 0.646509 0.906839 0.493571 0.000383218 0.342572 0.738522 0.998493 0.999994 0.533779 0.0560635 	0.500045 0.507051 0.510552 0.508753 0.171384 0.999552 0.155597 0.111169 0.648769 0.910463 0.534345 0.000604986 0.35585 0.766175 0.998259 0.999993 0.611379 0.0637896 	0.520216 0.549263 0.534563 0.5544 0.252679 0.999262 0.106126 0.0673822 0.639421 0.913952 0.444992 0.000885844 0.413002 0.745264 0.996398 0.999996 0.66599 0.0536145 		0.538098
0.500045 0.507051 0.510552 0.508753 0.171384 0.999552 0.155597 0.111169 0.648769 0.910463 0.534345 0.000604986 0.35585 0.766175 0.998259 0.999993 0.611379 0.0637896 	0.520216 0.549263 0.534563 0.5544 0.252679 0.999262 0.106126 0.0673822 0.639421 0.913952 0.444992 0.000885844 0.413002 0.745264 0.996398 0.999996 0.66599 0.0536145 	0.574606 0.570726 0.534563 0.538098 0.552743 0.999399 0.130734 0.0672208 0.642577 0.918175 0.407687 0.000539445 0.403049 0.718361 0.995622 0.999996 0.651649 0.051201 		0.562008
0.520216 0.549263 0.534563 0.5544 0.252679 0.999262 0.106126 0.0673822 0.639421 0.913952 0.444992 0.000885844 0.413002 0.745264 0.996398 0.999996 0.66599 0.0536145 	0.574606 0.570726 0.534563 0.538098 0.552743 0.999399 0.130734 0.0672208 0.642577 0.918175 0.407687 0.000539445 0.403049 0.718361 0.995622 0.999996 0.651649 0.051201 	0.538946 0.561783 0.554141 0.562008 0.294202 0.999645 0.149175 0.0843578 0.659113 0.914843 0.418653 0.000357436 0.397671 0.730743 0.99722 0.999994 0.559209 0.0504259 		0.559834
0.574606 0.570726 0.534563 0.538098 0.552743 0.999399 0.130734 0.0672208 0.642577 0.918175 0.407687 0.000539445 0.403049 0.718361 0.995622 0.999996 0.651649 0.051201 	0.538946 0.561783 0.554141 0.562008 0.294202 0.999645 0.149175 0.0843578 0.659113 0.914843 0.418653 0.000357436 0.397671 0.730743 0.99722 0.999994 0.559209 0.0504259 	0.572084 0.566791 0.556726 0.559834 0.404597 0.999389 0.127805 0.068889 0.639111 0.910994 0.441802 0.000519843 0.392471 0.713874 0.996756 0.999994 0.562581 0.0390724 		0.583744
0.538946 0.561783 0.554141 0.562008 0.294202 0.999645 0.149175 0.0843578 0.659113 0.914843 0.418653 0.000357436 0.397671 0.730743 0.99722 0.999994 0.559209 0.0504259 	0.572084 0.566791 0.556726 0.559834 0.404597 0.999389 0.127805 0.068889 0.639111 0.910994 0.441802 0.000519843 0.392471 0.713874 0.996756 0.999994 0.562581 0.0390724 	0.556236 0.575019 0.570763 0.583744 0.206388 0.999272 0.11562 0.0860188 0.610576 0.918601 0.527582 0.000443646 0.418092 0.709326 0.997197 0.999997 0.663268 0.0471424 		0.610191
0.572084 0.566791 0.556726 0.559834 0.404597 0.999389 0.127805 0.068889 0.639111 0.910994 0.441802 0.000519843 0.392471 0.713874 0.996756 0.999994 0.562581 0.0390724 	0.556236 0.575019 0.570763 0.583744 0.206388 0.999272 0.11562 0.0860188 0.610576 0.918601 0.527582 0.000443646 0.418092 0.709326 0.997197 0.999997 0.663268 0.0471424 	0.592256 0.599344 0.601423 0.610191 0.244374 0.999363 0.158804 0.0824841 0.608236 0.902129 0.551141 0.000667886 0.422255 0.788407 0.998346 0.999995 0.630226 0.0685756 		0.622508
0.556236 0.575019 0.570763 0.583744 0.206388 0.999272 0.11562 0.0860188 0.610576 0.918601 0.527582 0.000443646 0.418092 0.709326 0.997197 0.999997 0.663268 0.0471424 	0.592256 0.599344 0.601423 0.610191 0.244374 0.999363 0.158804 0.0824841 0.608236 0.902129 0.551141 0.000667886 0.422255 0.788407 0.998346 0.999995 0.630226 0.0685756 	0.612787 0.616158 0.612136 0.622508 0.182126 0.999798 0.104907 0.091879 0.635063 0.921052 0.554419 0.000556087 0.418491 0.775405 0.998283 0.999995 0.588247 0.0640748 		0.611277
0.592256 0.599344 0.601423 0.610191 0.244374 0.999363 0.158804 0.0824841 0.608236 0.902129 0.551141 0.000667886 0.422255 0.788407 0.998346 0.999995 0.630226 0.0685756 	0.612787 0.616158 0.612136 0.622508 0.182126 0.999798 0.104907 0.091879 0.635063 0.921052 0.554419 0.000556087 0.418491 0.775405 0.998283 0.999995 0.588247 0.0640748 	0.627915 0.62367 0.615091 0.611277 0.229376 0.999297 0.129055 0.111608 0.63328 0.915187 0.551685 0.000503206 0.430111 0.74734 0.997164 0.999995 0.635082 0.0469223 		0.647143
0.612787 0.616158 0.612136 0.622508 0.182126 0.999798 0.104907 0.091879 0.635063 0.921052 0.554419 0.000556087 0.418491 0.775405 0.998283 0.999995 0.588247 0.0640748 	0.627915 0.62367 0.615091 0.611277 0.229376 0.999297 0.129055 0.111608 0.63328 0.915187 0.551685 0.000503206 0.430111 0.74734 0.997164 0.999995 0.635082 0.0469223 	0.610265 0.638337 0.622479 0.647143 0.200948 0.999161 0.139971 0.0963124 0.647739 0.892646 0.40344 0.00032334 0.447903 0.732217 0.997175 0.999994 0.49001 0.0330545 		0.673227
0.627915 0.62367 0.615091 0.611277 0.229376 0.999297 0.129055 0.111608 0.63328 0.915187 0.551685 0.000503206 0.430111 0.74734 0.997164 0.999995 0.635082 0.0469223 	0.610265 0.638337 0.622479 0.647143 0.200948 0.999161 0.139971 0.0963124 0.647739 0.892646 0.40344 0.00032334 0.447903 0.732217 0.997175 0.999994 0.49001 0.0330545 	0.65493 0.668386 0.669761 0.673227 0.159316 0.999147 0.110711 0.106336 0.600242 0.913587 0.582733 0.000490406 0.473461 0.754675 0.99766 0.999997 0.648285 0.0544298 		0.673951
0.610265 0.638337 0.622479 0.647143 0.200948 0.999161 0.139971 0.0963124 0.647739 0.892646 0.40344 0.00032334 0.447903 0.732217 0.997175 0.999994 0.49001 0.0330545 	0.65493 0.668386 0.669761 0.673227 0.159316 0.999147 0.110711 0.106336 0.600242 0.913587 0.582733 0.000490406 0.473461 0.754675 0.99766 0.999997 0.648285 0.0544298 	0.668618 0.680906 0.680474 0.673951 0.191993 0.999059 0.0926988 0.1124 0.596109 0.903525 0.593107 0.000663638 0.479164 0.788708 0.997977 0.999997 0.655049 0.0507652 		0.660547
0.65493 0.668386 0.669761 0.673227 0.159316 0.999147 0.110711 0.106336 0.600242 0.913587 0.582733 0.000490406 0.473461 0.754675 0.99766 0.999997 0.648285 0.0544298 	0.668618 0.680906 0.680474 0.673951 0.191993 0.999059 0.0926988 0.1124 0.596109 0.903525 0.593107 0.000663638 0.479164 0.788708 0.997977 0.999997 0.655049 0.0507652 	0.67258 0.678045 0.678257 0.660547 0.234501 0.999146 0.118109 0.128381 0.592227 0.914816 0.560786 0.000310266 0.464801 0.733915 0.997888 0.999998 0.619049 0.0509717 		0.712353
0.668618 0.680906 0.680474 0.673951 0.191993 0.999059 0.0926988 0.1124 0.596109 0.903525 0.593107 0.000663638 0.479164 0.788708 0.997977 0.999997 0.655049 0.0507652 	0.67258 0.678045 0.678257 0.660547 0.234501 0.999146 0.118109 0.128381 0.592227 0.914816 0.560786 0.000310266 0.464801 0.733915 0.997888 0.999998 0.619049 0.0509717 	0.659252 0.702012 0.663112 0.712353 0.209724 0.999151 0.131736 0.127795 0.576945 0.914225 0.530725 0.000203769 0.472235 0.72968 0.9985 0.999999 0.5616 0.064303 		0.74061
0.67258 0.678045 0.678257 0.660547 0.234501 0.999146 0.118109 0.128381 0.592227 0.914816 0.560786 0.000310266 0.464801 0.733915 0.997888 0.999998 0.619049 0.0509717 	0.659252 0.702012 0.663112 0.712353 0.209724 0.999151 0.131736 0.127795 0.576945 0.914225 0.530725 0.000203769 0.472235 0.72968 0.9985 0.999999 0.5616 0.064303 	0.717244 0.742793 0.739207 0.74061 0.238795 0.998986 0.122327 0.130006 0.563693 0.915982 0.538097 0.000161736 0.495556 0.721232 0.99862 0.999999 0.553884 0.0675142 		0.704382
0.659252 0.702012 0.663112 0.712353 0.209724 0.999151 0.131736 0.127795 0.576945 0.914225 0.530725 0.000203769 0.472235 0.72968 0.9985 0.999999 0.5616 0.064303 	0.717244 0.742793 0.739207 0.74061 0.238795 0.998986 0.122327 0.130006 0.563693 0.915982 0.538097 0.000161736 0.495556 0.721232 0.99862 0.999999 0.553884 0.0675142 	0.738856 0.749233 0.717413 0.704382 0.249311 0.998844 0.110659 0.114783 0.549197 0.913478 0.528028 0.00020192 0.495633 0.707767 0.998453 0.999999 0.632257 0.0594232 		0.738799
0.717244 0.742793 0.739207 0.74061 0.238795 0.998986 0.122327 0.130006 0.563693 0.915982 0.538097 0.000161736 0.495556 0.721232 0.99862 0.999999 0.553884 0.0675142 	0.738856 0.749233 0.717413 0.704382 0.249311 0.998844 0.110659 0.114783 0.549197 0.913478 0.528028 0.00020192 0.495633 0.707767 0.998453 0.999999 0.632257 0.0594232 	0.703917 0.727411 0.723323 0.738799 0.262876 0.998884 0.126777 0.12052 0.543333 0.913497 0.490388 0.000173386 0.497626 0.723397 0.998698 0.999999 0.59523 0.0674431 		0.784083
0.738856 0.749233 0.717413 0.704382 0.249311 0.998844 0.110659 0.114783 0.549197 0.913478 0.528028 0.00020192 0.495633 0.707767 0.998453 0.999999 0.632257 0.0594232 	0.703917 0.727411 0.723323 0.738799 0.262876 0.998884 0.126777 0.12052 0.543333 0.913497 0.490388 0.000173386 0.497626 0.723397 0.998698 0.999999 0.59523 0.0674431 	0.742458 0.773558 0.765434 0.784083 0.239671 0.999324 0.0956617 0.120457 0.556206 0.916237 0.510617 0.000218513 0.511624 0.796406 0.99885 1 0.543935 0.0941892 		0.782272
0.703917 0.727411 0.723323 0.738799 0.262876 0.998884 0.126777 0.12052 0.543333 0.913497 0.490388 0.000173386 0.497626 0.723397 0.998698 0.999999 0.59523 0.0674431 	0.742458 0.773558 0.765434 0.784083 0.239671 0.999324 0.0956617 0.120457 0.556206 0.916237 0.510617 0.000218513 0.511624 0.796406 0.99885 1 0.543935 0.0941892 	0.791805 0.785005 0.789814 0.782272 0.189469 0.999365 0.137315 0.123276 0.537297 0.936068 0.517773 0.000138331 0.495888 0.741534 0.998619 1 0.53078 0.132212 		0.776113
0.742458 0.773558 0.765434 0.784083 0.239671 0.999324 0.0956617 0.120457 0.556206 0.916237 0.510617 0.000218513 0.511624 0.796406 0.99885 1 0.543935 0.0941892 	0.791805 0.785005 0.789814 0.782272 0.189469 0.999365 0.137315 0.123276 0.537297 0.936068 0.517773 0.000138331 0.495888 0.741534 0.998619 1 0.53078 0.132212 	0.767672 0.767477 0.762479 0.776113 0.16858 0.999465 0.117431 0.1328 0.567118 0.932035 0.47194 0.000164489 0.477999 0.770312 0.998595 1 0.464683 0.106965 		0.811254
0.791805 0.785005 0.789814 0.782272 0.189469 0.999365 0.137315 0.123276 0.537297 0.936068 0.517773 0.000138331 0.495888 0.741534 0.998619 1 0.53078 0.132212 	0.767672 0.767477 0.762479 0.776113 0.16858 0.999465 0.117431 0.1328 0.567118 0.932035 0.47194 0.000164489 0.477999 0.770312 0.998595 1 0.464683 0.106965 	0.791805 0.801461 0.803113 0.811254 0.221131 0.999295 0.166268 0.125201 0.508966 0.908899 0.575968 0.000126986 0.516774 0.768062 0.999294 0.999999 0.538035 0.0897905 		0.788793
0.767672 0.767477 0.762479 0.776113 0.16858 0.999465 0.117431 0.1328 0.567118 0.932035 0.47194 0.000164489 0.477999 0.770312 0.998595 1 0.464683 0.106965 	0.791805 0.801461 0.803113 0.811254 0.221131 0.999295 0.166268 0.125201 0.508966 0.908899 0.575968 0.000126986 0.516774 0.768062 0.999294 0.999999 0.538035 0.0897905 	0.803332 0.80468 0.794617 0.788793 0.246852 0.999124 0.121402 0.126113 0.533906 0.886975 0.550419 0.000234658 0.517947 0.788546 0.999111 0.999999 0.504877 0.0495852 		0.798212
0.791805 0.801461 0.803113 0.811254 0.221131 0.999295 0.166268 0.125201 0.508966 0.908899 0.575968 0.000126986 0.516774 0.768062 0.999294 0.999999 0.538035 0.0897905 	0.803332 0.80468 0.794617 0.788793 0.246852 0.999124 0.121402 0.126113 0.533906 0.886975 0.550419 0.000234658 0.517947 0.788546 0.999111 0.999999 0.504877 0.0495852 	0.786763 0.794306 0.795355 0.798212 0.154595 0.998629 0.0674411 0.143203 0.53225 0.887344 0.571291 0.00018979 0.552797 0.753562 0.998749 0.999999 0.532765 0.0268331 		0.794589
0.803332 0.80468 0.794617 0.788793 0.246852 0.999124 0.121402 0.126113 0.533906 0.886975 0.550419 0.000234658 0.517947 0.788546 0.999111 0.999999 0.504877 0.0495852 	0.786763 0.794306 0.795355 0.798212 0.154595 0.998629 0.0674411 0.143203 0.53225 0.887344 0.571291 0.00018979 0.552797 0.753562 0.998749 0.999999 0.532765 0.0268331 	0.80009 0.802176 0.816041 0.794589 0.147 0.999309 0.105898 0.159808 0.533822 0.91276 0.506021 8.84578e-05 0.520238 0.735593 0.998862 0.999999 0.479686 0.0489258 		0.804008
0.786763 0.794306 0.795355 0.798212 0.154595 0.998629 0.0674411 0.143203 0.53225 0.887344 0.571291 0.00018979 0.552797 0.753562 0.998749 0.999999 0.532765 0.0268331 	0.80009 0.802176 0.816041 0.794589 0.147 0.999309 0.105898 0.159808 0.533822 0.91276 0.506021 8.84578e-05 0.520238 0.735593 0.998862 0.999999 0.479686 0.0489258 	0.792526 0.792518 0.797941 0.804008 0.153784 0.999243 0.0993938 0.158188 0.529577 0.894135 0.499942 0.00015254 0.518073 0.772896 0.999127 0.999999 0.446263 0.0359521 		0.738436
0.80009 0.802176 0.816041 0.794589 0.147 0.999309 0.105898 0.159808 0.533822 0.91276 0.506021 8.84578e-05 0.520238 0.735593 0.998862 0.999999 0.479686 0.0489258 	0.792526 0.792518 0.797941 0.804008 0.153784 0.999243 0.0993938 0.158188 0.529577 0.894135 0.499942 0.00015254 0.518073 0.772896 0.999127 0.999999 0.446263 0.0359521 	0.80009 0.78894 0.748073 0.738436 0.191284 0.999206 0.0930108 0.145118 0.515869 0.912112 0.535683 0.000159035 0.50172 0.7477 0.998719 1 0.576075 0.046013 		0.721047
0.792526 0.792518 0.797941 0.804008 0.153784 0.999243 0.0993938 0.158188 0.529577 0.894135 0.499942 0.00015254 0.518073 0.772896 0.999127 0.999999 0.446263 0.0359521 	0.80009 0.78894 0.748073 0.738436 0.191284 0.999206 0.0930108 0.145118 0.515869 0.912112 0.535683 0.000159035 0.50172 0.7477 0.998719 1 0.576075 0.046013 	0.738856 0.759607 0.727387 0.721047 0.375515 0.998908 0.121706 0.110569 0.514618 0.901075 0.372408 0.000185892 0.492481 0.733175 0.99845 1 0.535771 0.0418684 		0.692427
0.80009 0.78894 0.748073 0.738436 0.191284 0.999206 0.0930108 0.145118 0.515869 0.912112 0.535683 0.000159035 0.50172 0.7477 0.998719 1 0.576075 0.046013 	0.738856 0.759607 0.727387 0.721047 0.375515 0.998908 0.121706 0.110569 0.514618 0.901075 0.372408 0.000185892 0.492481 0.733175 0.99845 1 0.535771 0.0418684 	0.710401 0.705947 0.70707 0.692427 0.503351 0.999328 0.172623 0.10719 0.510063 0.903962 0.444835 0.000338635 0.469205 0.799512 0.998949 1 0.609377 0.0772854 		0.717424
0.738856 0.759607 0.727387 0.721047 0.375515 0.998908 0.121706 0.110569 0.514618 0.901075 0.372408 0.000185892 0.492481 0.733175 0.99845 1 0.535771 0.0418684 	0.710401 0.705947 0.70707 0.692427 0.503351 0.999328 0.172623 0.10719 0.510063 0.903962 0.444835 0.000338635 0.469205 0.799512 0.998949 1 0.609377 0.0772854 	0.702836 0.706663 0.698943 0.717424 0.258677 0.999413 0.119841 0.159977 0.568093 0.924725 0.405764 0.00018201 0.455982 0.751965 0.998211 1 0.498015 0.0519341 		0.771404
0.710401 0.705947 0.70707 0.692427 0.503351 0.999328 0.172623 0.10719 0.510063 0.903962 0.444835 0.000338635 0.469205 0.799512 0.998949 1 0.609377 0.0772854 	0.702836 0.706663 0.698943 0.717424 0.258677 0.999413 0.119841 0.159977 0.568093 0.924725 0.405764 0.00018201 0.455982 0.751965 0.998211 1 0.498015 0.0519341 	0.724448 0.760322 0.73145 0.771404 0.544732 0.999214 0.132974 0.1701 0.550139 0.92143 0.417726 0.000177687 0.486938 0.76375 0.998371 1 0.491634 0.059612 		0.790967
0.702836 0.706663 0.698943 0.717424 0.258677 0.999413 0.119841 0.159977 0.568093 0.924725 0.405764 0.00018201 0.455982 0.751965 0.998211 1 0.498015 0.0519341 	0.724448 0.760322 0.73145 0.771404 0.544732 0.999214 0.132974 0.1701 0.550139 0.92143 0.417726 0.000177687 0.486938 0.76375 0.998371 1 0.491634 0.059612 	0.769113 0.778566 0.780949 0.790967 0.150306 0.999275 0.114763 0.18347 0.520921 0.932766 0.530918 0.000259946 0.503151 0.783786 0.998509 1 0.595971 0.0873722 		0.775026
0.724448 0.760322 0.73145 0.771404 0.544732 0.999214 0.132974 0.1701 0.550139 0.92143 0.417726 0.000177687 0.486938 0.76375 0.998371 1 0.491634 0.059612 	0.769113 0.778566 0.780949 0.790967 0.150306 0.999275 0.114763 0.18347 0.520921 0.932766 0.530918 0.000259946 0.503151 0.783786 0.998509 1 0.595971 0.0873722 	0.791085 0.779997 0.786121 0.775026 0.129858 0.999309 0.132265 0.187536 0.556591 0.92008 0.4334 0.000277736 0.490318 0.818233 0.998537 1 0.51372 0.077091 		0.771041
0.769113 0.778566 0.780949 0.790967 0.150306 0.999275 0.114763 0.18347 0.520921 0.932766 0.530918 0.000259946 0.503151 0.783786 0.998509 1 0.595971 0.0873722 	0.791085 0.779997 0.786121 0.775026 0.129858 0.999309 0.132265 0.187536 0.556591 0.92008 0.4334 0.000277736 0.490318 0.818233 0.998537 1 0.51372 0.077091 	0.773435 0.769981 0.785012 0.771041 0.116142 0.999263 0.113962 0.192995 0.563042 0.92743 0.442323 0.000207051 0.496412 0.773835 0.998276 1 0.517821 0.0579629 		0.739886
0.791085 0.779997 0.786121 0.775026 0.129858 0.999309 0.132265 0.187536 0.556591 0.92008 0.4334 0.000277736 0.490318 0.818233 0.998537 1 0.51372 0.077091 	0.773435 0.769981 0.785012 0.771041 0.116142 0.999263 0.113962 0.192995 0.563042 0.92743 0.442323 0.000207051 0.496412 0.773835 0.998276 1 0.517821 0.0579629 	0.766952 0.756745 0.753244 0.739886 0.158976 0.9993 0.155049 0.209081 0.553678 0.92249 0.419844 0.000176338 0.473835 0.770023 0.998567 1 0.510234 0.0655619 		0.727568
0.773435 0.769981 0.785012 0.771041 0.116142 0.999263 0.113962 0.192995 0.563042 0.92743 0.442323 0.000207051 0.496412 0.773835 0.998276 1 0.517821 0.0579629 	0.766952 0.756745 0.753244 0.739886 0.158976 0.9993 0.155049 0.209081 0.553678 0.92249 0.419844 0.000176338 0.473835 0.770023 0.998567 1 0.510234 0.0655619 	0.732733 0.730631 0.740685 0.727568 0.141135 0.999108 0.098839 0.239002 0.586184 0.920955 0.411978 0.00029404 0.483244 0.785174 0.997927 1 0.550704 0.0443483 		0.784446
0.766952 0.756745 0.753244 0.739886 0.158976 0.9993 0.155049 0.209081 0.553678 0.92249 0.419844 0.000176338 0.473835 0.770023 0.998567 1 0.510234 0.0655619 	0.732733 0.730631 0.740685 0.727568 0.141135 0.999108 0.098839 0.239002 0.586184 0.920955 0.411978 0.00029404 0.483244 0.785174 0.997927 1 0.550704 0.0443483 	0.725889 0.777135 0.745857 0.784446 0.300165 0.99872 0.113085 0.174549 0.511736 0.926219 0.418788 0.000303477 0.530946 0.775796 0.998305 1 0.650307 0.0742478 		0.792416
0.732733 0.730631 0.740685 0.727568 0.141135 0.999108 0.098839 0.239002 0.586184 0.920955 0.411978 0.00029404 0.483244 0.785174 0.997927 1 0.550704 0.0443483 	0.725889 0.777135 0.745857 0.784446 0.300165 0.99872 0.113085 0.174549 0.511736 0.926219 0.418788 0.000303477 0.530946 0.775796 0.998305 1 0.650307 0.0742478 	0.791805 0.815055 0.801266 0.792416 0.415762 0.998922 0.111625 0.137253 0.504057 0.911645 0.320795 0.000193029 0.539153 0.771801 0.998592 1 0.532017 0.0628701 		0.827556
0.725889 0.777135 0.745857 0.784446 0.300165 0.99872 0.113085 0.174549 0.511736 0.926219 0.418788 0.000303477 0.530946 0.775796 0.998305 1 0.650307 0.0742478 	0.791805 0.815055 0.801266 0.792416 0.415762 0.998922 0.111625 0.137253 0.504057 0.911645 0.320795 0.000193029 0.539153 0.771801 0.998592 1 0.532017 0.0628701 	0.794687 0.815055 0.814195 0.827556 0.228706 0.999184 0.125836 0.203682 0.524841 0.928278 0.395262 0.00012868 0.514434 0.771389 0.998567 1 0.494909 0.071722 		0.865233
0.791805 0.815055 0.801266 0.792416 0.415762 0.998922 0.111625 0.137253 0.504057 0.911645 0.320795 0.000193029 0.539153 0.771801 0.998592 1 0.532017 0.0628701 	0.794687 0.815055 0.814195 0.827556 0.228706 0.999184 0.125836 0.203682 0.524841 0.928278 0.395262 0.00012868 0.514434 0.771389 0.998567 1 0.494909 0.071722 	0.837911 0.852616 0.857414 0.865233 0.23946 0.999078 0.0981651 0.203214 0.494343 0.933148 0.433646 0.000109419 0.552045 0.759874 0.998658 1 0.530762 0.0705105 		0.921748
0.794687 0.815055 0.814195 0.827556 0.228706 0.999184 0.125836 0.203682 0.524841 0.928278 0.395262 0.00012868 0.514434 0.771389 0.998567 1 0.494909 0.071722 	0.837911 0.852616 0.857414 0.865233 0.23946 0.999078 0.0981651 0.203214 0.494343 0.933148 0.433646 0.000109419 0.552045 0.759874 0.998658 1 0.530762 0.0705105 	0.860603 0.907706 0.884379 0.921748 0.223161 0.998905 0.0953276 0.183631 0.478028 0.927856 0.38302 0.000132543 0.57378 0.794135 0.998695 1 0.471692 0.0816139 		0.948919
0.837911 0.852616 0.857414 0.865233 0.23946 0.999078 0.0981651 0.203214 0.494343 0.933148 0.433646 0.000109419 0.552045 0.759874 0.998658 1 0.530762 0.0705105 	0.860603 0.907706 0.884379 0.921748 0.223161 0.998905 0.0953276 0.183631 0.478028 0.927856 0.38302 0.000132543 0.57378 0.794135 0.998695 1 0.471692 0.0816139 	0.922557 0.939186 0.927599 0.948919 0.221999 0.998736 0.106495 0.213507 0.446433 0.924594 0.473594 9.61107e-05 0.596085 0.785819 0.999179 1 0.506687 0.0838316 		0.948919
0.860603 0.907706 0.884379 0.921748 0.223161 0.998905 0.0953276 0.183631 0.478028 0.927856 0.38302 0.000132543 0.57378 0.794135 0.998695 1 0.471692 0.0816139 	0.922557 0.939186 0.927599 0.948919 0.221999 0.998736 0.106495 0.213507 0.446433 0.924594 0.473594 9.61107e-05 0.596085 0.785819 0.999179 1 0.506687 0.0838316 	0.953174 0.949918 0.949024 0.948919 0.298812 0.998786 0.102078 0.181014 0.437416 0.926107 0.467187 7.4117e-05 0.596629 0.773509 0.999218 1 0.482487 0.0884474 		0.822122
0.922557 0.939186 0.927599 0.948919 0.221999 0.998736 0.106495 0.213507 0.446433 0.924594 0.473594 9.61107e-05 0.596085 0.785819 0.999179 1 0.506687 0.0838316 	0.953174 0.949918 0.949024 0.948919 0.298812 0.998786 0.102078 0.181014 0.437416 0.926107 0.467187 7.4117e-05 0.596629 0.773509 0.999218 1 0.482487 0.0884474 	0.943809 0.939186 0.822691 0.822122 0.299826 0.998981 0.171838 0.187779 0.463165 0.902553 0.365631 9.4208e-05 0.543176 0.783844 0.99915 1 0.497563 0.0739725 		0.823209
0.953174 0.949918 0.949024 0.948919 0.298812 0.998786 0.102078 0.181014 0.437416 0.926107 0.467187 7.4117e-05 0.596629 0.773509 0.999218 1 0.482487 0.0884474 	0.943809 0.939186 0.822691 0.822122 0.299826 0.998981 0.171838 0.187779 0.463165 0.902553 0.365631 9.4208e-05 0.543176 0.783844 0.99915 1 0.497563 0.0739725 	0.825304 0.837591 0.78021 0.823209 0.411827 0.998938 0.145687 0.225227 0.450917 0.905156 0.358079 7.15415e-05 0.527007 0.752207 0.999389 1 0.494392 0.0626605 		0.914503
0.943809 0.939186 0.822691 0.822122 0.299826 0.998981 0.171838 0.187779 0.463165 0.902553 0.365631 9.4208e-05 0.543176 0.783844 0.99915 1 0.497563 0.0739725 	0.825304 0.837591 0.78021 0.823209 0.411827 0.998938 0.145687 0.225227 0.450917 0.905156 0.358079 7.15415e-05 0.527007 0.752207 0.999389 1 0.494392 0.0626605 	0.820981 0.903413 0.839683 0.914503 0.350035 0.998776 0.0855003 0.205131 0.431143 0.91498 0.373836 5.2084e-05 0.57417 0.755073 0.999459 1 0.445991 0.067151 		0.945659
0.825304 0.837591 0.78021 0.823209 0.411827 0.998938 0.145687 0.225227 0.450917 0.905156 0.358079 7.15415e-05 0.527007 0.752207 0.999389 1 0.494392 0.0626605 	0.820981 0.903413 0.839683 0.914503 0.350035 0.998776 0.0855003 0.205131 0.431143 0.91498 0.373836 5.2084e-05 0.57417 0.755073 0.999459 1 0.445991 0.067151 	0.911751 0.932747 0.913931 0.945659 0.300346 0.99852 0.0734308 0.217908 0.411048 0.907845 0.468311 6.19713e-05 0.599289 0.766715 0.999485 1 0.495429 0.0529136 		0.930081
0.820981 0.903413 0.839683 0.914503 0.350035 0.998776 0.0855003 0.205131 0.431143 0.91498 0.373836 5.2084e-05 0.57417 0.755073 0.999459 1 0.445991 0.067151 	0.911751 0.932747 0.913931 0.945659 0.300346 0.99852 0.0734308 0.217908 0.411048 0.907845 0.468311 6.19713e-05 0.599289 0.766715 0.999485 1 0.495429 0.0529136 	0.942728 0.934178 0.922427 0.930081 0.283473 0.99863 0.082637 0.235229 0.398564 0.902817 0.47814 6.659e-05 0.587477 0.7899 0.999621 1 0.482337 0.0633679 		0.951093
0.911751 0.932747 0.913931 0.945659 0.300346 0.99852 0.0734308 0.217908 0.411048 0.907845 0.468311 6.19713e-05 0.599289 0.766715 0.999485 1 0.495429 0.0529136 	0.942728 0.934178 0.922427 0.930081 0.283473 0.99863 0.082637 0.235229 0.398564 0.902817 0.47814 6.659e-05 0.587477 0.7899 0.999621 1 0.482337 0.0633679 	0.92796 0.939186 0.805698 0.951093 0.438062 0.998601 0.121028 0.241159 0.40924 0.885643 0.3824 3.96675e-05 0.575756 0.77309 0.999733 1 0.375171 0.0547551 		0.953991
0.942728 0.934178 0.922427 0.930081 0.283473 0.99863 0.082637 0.235229 0.398564 0.902817 0.47814 6.659e-05 0.587477 0.7899 0.999621 1 0.482337 0.0633679 	0.92796 0.939186 0.805698 0.951093 0.438062 0.998601 0.121028 0.241159 0.40924 0.885643 0.3824 3.96675e-05 0.575756 0.77309 0.999733 1 0.375171 0.0547551 	0.958577 0.964227 0.932031 0.953991 0.285594 0.998921 0.163845 0.247778 0.394971 0.883091 0.401808 2.20603e-05 0.567064 0.774363 0.999848 1 0.314958 0.09276 		1
0.92796 0.939186 0.805698 0.951093 0.438062 0.998601 0.121028 0.241159 0.40924 0.885643 0.3824 3.96675e-05 0.575756 0.77309 0.999733 1 0.375171 0.0547551 	0.958577 0.964227 0.932031 0.953991 0.285594 0.998921 0.163845 0.247778 0.394971 0.883091 0.401808 2.20603e-05 0.567064 0.774363 0.999848 1 0.314958 0.09276 	0.956776 1 0.961952 1 0.508022 0.998729 0.153216 0.243945 0.385708 0.889274 0.413199 1.55568e-05 0.586885 0.762414 0.99986 1 0.277252 0.105659 		0.984422
0.958577 0.964227 0.932031 0.953991 0.285594 0.998921 0.163845 0.247778 0.394971 0.883091 0.401808 2.20603e-05 0.567064 0.774363 0.999848 1 0.314958 0.09276 	0.956776 1 0.961952 1 0.508022 0.998729 0.153216 0.243945 0.385708 0.889274 0.413199 1.55568e-05 0.586885 0.762414 0.99986 1 0.277252 0.105659 	1 0.990341 0.985594 0.984422 0.351701 0.998645 0.0978784 0.238181 0.355312 0.907566 0.501827 3.02597e-05 0.60258 0.769634 0.999843 1 0.449271 0.130863 		0.982611
0.956776 1 0.961952 1 0.508022 0.998729 0.153216 0.243945 0.385708 0.889274 0.413199 1.55568e-05 0.586885 0.762414 0.99986 1 0.277252 0.105659 	1 0.990341 0.985594 0.984422 0.351701 0.998645 0.0978784 0.238181 0.355312 0.907566 0.501827 3.02597e-05 0.60258 0.769634 0.999843 1 0.449271 0.130863 	0.970824 0.998927 0.985594 0.982611 0.134133 0.998934 0.117292 0.233202 0.345387 0.908869 0.517015 1.96807e-05 0.583052 0.757116 0.999895 1 0.367467 0.160525 		0.982973
1 0.990341 0.985594 0.984422 0.351701 0.998645 0.0978784 0.238181 0.355312 0.907566 0.501827 3.02597e-05 0.60258 0.769634 0.999843 1 0.449271 0.130863 	0.970824 0.998927 0.985594 0.982611 0.134133 0.998934 0.117292 0.233202 0.345387 0.908869 0.517015 1.96807e-05 0.583052 0.757116 0.999895 1 0.367467 0.160525 	0.979469 0.982114 0.989288 0.982973 0.140483 0.998862 0.0981327 0.262025 0.351067 0.912011 0.497414 1.35127e-05 0.587314 0.729745 0.999895 1 0.369534 0.12799 		0.997102
0.970824 0.998927 0.985594 0.982611 0.134133 0.998934 0.117292 0.233202 0.345387 0.908869 0.517015 1.96807e-05 0.583052 0.757116 0.999895 1 0.367467 0.160525 	0.979469 0.982114 0.989288 0.982973 0.140483 0.998862 0.0981327 0.262025 0.351067 0.912011 0.497414 1.35127e-05 0.587314 0.729745 0.999895 1 0.369534 0.12799 	0.987753 0.99213 1 0.997102 0.158239 0.999076 0.0709601 0.201842 0.360542 0.901089 0.564263 4.26668e-05 0.598658 0.807057 0.999875 1 0.405614 0.134313 		0.951093
0.979469 0.982114 0.989288 0.982973 0.140483 0.998862 0.0981327 0.262025 0.351067 0.912011 0.497414 1.35127e-05 0.587314 0.729745 0.999895 1 0.369534 0.12799 	0.987753 0.99213 1 0.997102 0.158239 0.999076 0.0709601 0.201842 0.360542 0.901089 0.564263 4.26668e-05 0.598658 0.807057 0.999875 1 0.405614 0.134313 	0.99928 0.993203 0.971557 0.951093 0.170011 0.999254 0.1121 0.209124 0.372112 0.900615 0.467319 2.34594e-05 0.565902 0.791999 0.999872 1 0.312608 0.138859 		0.901823
0.987753 0.99213 1 0.997102 0.158239 0.999076 0.0709601 0.201842 0.360542 0.901089 0.564263 4.26668e-05 0.598658 0.807057 0.999875 1 0.405614 0.134313 	0.99928 0.993203 0.971557 0.951093 0.170011 0.999254 0.1121 0.209124 0.372112 0.900615 0.467319 2.34594e-05 0.565902 0.791999 0.999872 1 0.312608 0.138859 	0.940207 0.934178 0.905804 0.901823 0.177184 0.999073 0.134896 0.15132 0.339757 0.883997 0.604876 7.99621e-05 0.564712 0.815668 0.999856 1 0.554867 0.125817 		0.928994
0.99928 0.993203 0.971557 0.951093 0.170011 0.999254 0.1121 0.209124 0.372112 0.900615 0.467319 2.34594e-05 0.565902 0.791999 0.999872 1 0.312608 0.138859 	0.940207 0.934178 0.905804 0.901823 0.177184 0.999073 0.134896 0.15132 0.339757 0.883997 0.604876 7.99621e-05 0.564712 0.815668 0.999856 1 0.554867 0.125817 	0.899865 0.924162 0.889182 0.928994 0.21442 0.999076 0.136867 0.16272 0.379572 0.861879 0.51047 5.50441e-05 0.556996 0.819916 0.999896 1 0.34564 0.0899656 		0.856176
0.940207 0.934178 0.905804 0.901823 0.177184 0.999073 0.134896 0.15132 0.339757 0.883997 0.604876 7.99621e-05 0.564712 0.815668 0.999856 1 0.554867 0.125817 	0.899865 0.924162 0.889182 0.928994 0.21442 0.999076 0.136867 0.16272 0.379572 0.861879 0.51047 5.50441e-05 0.556996 0.819916 0.999896 1 0.34564 0.0899656 	0.914993 0.906991 0.874036 0.856176 0.168873 0.99922 0.0945948 0.19075 0.382375 0.893849 0.516389 2.64449e-05 0.552634 0.745983 0.999823 1 0.439071 0.071207 		0.74532
0.899865 0.924162 0.889182 0.928994 0.21442 0.999076 0.136867 0.16272 0.379572 0.861879 0.51047 5.50441e-05 0.556996 0.819916 0.999896 1 0.34564 0.0899656 	0.914993 0.906991 0.874036 0.856176 0.168873 0.99922 0.0945948 0.19075 0.382375 0.893849 0.516389 2.64449e-05 0.552634 0.745983 0.999823 1 0.439071 0.071207 	0.830347 0.835087 0.76211 0.74532 0.212362 0.99928 0.210111 0.203252 0.35795 0.870449 0.53604 6.07293e-05 0.495332 0.793684 0.999845 1 0.590054 0.0818052 		0.804371
0.914993 0.906991 0.874036 0.856176 0.168873 0.99922 0.0945948 0.19075 0.382375 0.893849 0.516389 2.64449e-05 0.552634 0.745983 0.999823 1 0.439071 0.071207 	0.830347 0.835087 0.76211 0.74532 0.212362 0.99928 0.210111 0.203252 0.35795 0.870449 0.53604 6.07293e-05 0.495332 0.793684 0.999845 1 0.590054 0.0818052 	0.748221 0.797526 0.708548 0.804371 0.351365 0.99909 0.0775256 0.232939 0.389613 0.902363 0.431397 3.37193e-05 0.505499 0.713019 0.99972 1 0.479015 0.0431464 		0.84241
0.830347 0.835087 0.76211 0.74532 0.212362 0.99928 0.210111 0.203252 0.35795 0.870449 0.53604 6.07293e-05 0.495332 0.793684 0.999845 1 0.590054 0.0818052 	0.748221 0.797526 0.708548 0.804371 0.351365 0.99909 0.0775256 0.232939 0.389613 0.902363 0.431397 3.37193e-05 0.505499 0.713019 0.99972 1 0.479015 0.0431464 	0.810896 0.830795 0.794986 0.84241 0.265285 0.999348 0.101011 0.261843 0.365199 0.905578 0.520035 3.16531e-05 0.506301 0.755017 0.999848 1 0.458404 0.0708165 		0.779011
0.748221 0.797526 0.708548 0.804371 0.351365 0.99909 0.0775256 0.232939 0.389613 0.902363 0.431397 3.37193e-05 0.505499 0.713019 0.99972 1 0.479015 0.0431464 	0.810896 0.830795 0.794986 0.84241 0.265285 0.999348 0.101011 0.261843 0.365199 0.905578 0.520035 3.16531e-05 0.506301 0.755017 0.999848 1 0.458404 0.0708165 	0.847636 0.844388 0.788337 0.779011 0.128567 0.999473 0.0467327 0.210559 0.392993 0.869909 0.550229 0.000181457 0.501012 0.861419 0.999835 1 0.4889 0.0482032 		0.652215
0.810896 0.830795 0.794986 0.84241 0.265285 0.999348 0.101011 0.261843 0.365199 0.905578 0.520035 3.16531e-05 0.506301 0.755017 0.999848 1 0.458404 0.0708165 	0.847636 0.844388 0.788337 0.779011 0.128567 0.999473 0.0467327 0.210559 0.392993 0.869909 0.550229 0.000181457 0.501012 0.861419 0.999835 1 0.4889 0.0482032 	0.738856 0.752452 0.628389 0.652215 0.192908 0.999585 0.0793406 0.231696 0.470112 0.837223 0.392252 0.000292485 0.414203 0.873488 0.999777 1 0.455884 0.0285119 		0.592801
0.847636 0.844388 0.788337 0.779011 0.128567 0.999473 0.0467327 0.210559 0.392993 0.869909 0.550229 0.000181457 0.501012 0.861419 0.999835 1 0.4889 0.0482032 	0.738856 0.752452 0.628389 0.652215 0.192908 0.999585 0.0793406 0.231696 0.470112 0.837223 0.392252 0.000292485 0.414203 0.873488 0.999777 1 0.455884 0.0285119 	0.685907 0.676256 0.529022 0.592801 0.346046 0.999666 0.156201 0.197458 0.460772 0.880609 0.272323 9.68311e-05 0.371621 0.774288 0.999629 1 0.384946 0.0293101 		0.702209
0.738856 0.752452 0.628389 0.652215 0.192908 0.999585 0.0793406 0.231696 0.470112 0.837223 0.392252 0.000292485 0.414203 0.873488 0.999777 1 0.455884 0.0285119 	0.685907 0.676256 0.529022 0.592801 0.346046 0.999666 0.156201 0.197458 0.460772 0.880609 0.272323 9.68311e-05 0.371621 0.774288 0.999629 1 0.384946 0.0293101 	0.594777 0.690565 0.54232 0.702209 0.557735 0.999616 0.100882 0.219333 0.436447 0.903543 0.394583 7.95996e-05 0.405823 0.777853 0.999697 1 0.389526 0.0391517 		0.598235
0.685907 0.676256 0.529022 0.592801 0.346046 0.999666 0.156201 0.197458 0.460772 0.880609 0.272323 9.68311e-05 0.371621 0.774288 0.999629 1 0.384946 0.0293101 	0.594777 0.690565 0.54232 0.702209 0.557735 0.999616 0.100882 0.219333 0.436447 0.903543 0.394583 7.95996e-05 0.405823 0.777853 0.999697 1 0.389526 0.0391517 	0.675461 0.707378 0.606964 0.598235 0.274472 0.999562 0.0523532 0.198843 0.431809 0.867444 0.551017 0.000716725 0.432488 0.87602 0.999614 1 0.647499 0.0309331 		0.565993
0.594777 0.690565 0.54232 0.702209 0.557735 0.999616 0.100882 0.219333 0.436447 0.903543 0.394583 7.95996e-05 0.405823 0.777853 0.999697 1 0.389526 0.0391517 	0.675461 0.707378 0.606964 0.598235 0.274472 0.999562 0.0523532 0.198843 0.431809 0.867444 0.551017 0.000716725 0.432488 0.87602 0.999614 1 0.647499 0.0309331 	0.627195 0.632255 0.529022 0.565993 0.45427 0.999197 0.0947873 0.180053 0.3921 0.890567 0.348029 0.000203089 0.398536 0.751198 0.999467 1 0.683442 0.0259776 		0.497523
0.675461 0.707378 0.606964 0.598235 0.274472 0.999562 0.0523532 0.198843 0.431809 0.867444 0.551017 0.000716725 0.432488 0.87602 0.999614 1 0.647499 0.0309331 	0.627195 0.632255 0.529022 0.565993 0.45427 0.999197 0.0947873 0.180053 0.3921 0.890567 0.348029 0.000203089 0.398536 0.751198 0.999467 1 0.683442 0.0259776 	0.565241 0.583247 0.464378 0.497523 0.725488 0.999512 0.160703 0.208698 0.410279 0.843438 0.382518 0.000583255 0.354811 0.842444 0.999792 1 0.677781 0.0321785 		0.535924
0.627195 0.632255 0.529022 0.565993 0.45427 0.999197 0.0947873 0.180053 0.3921 0.890567 0.348029 0.000203089 0.398536 0.751198 0.999467 1 0.683442 0.0259776 	0.565241 0.583247 0.464378 0.497523 0.725488 0.999512 0.160703 0.208698 0.410279 0.843438 0.382518 0.000583255 0.354811 0.842444 0.999792 1 0.677781 0.0321785 	0.63728 0.627247 0.481001 0.535924 1 0.998456 0.0712947 0.0855561 0.359273 0.888946 0.151949 0.000161714 0.407432 0.633597 0.999215 1 0.714996 0.0186418 		0.471801
0.565241 0.583247 0.464378 0.497523 0.725488 0.999512 0.160703 0.208698 0.410279 0.843438 0.382518 0.000583255 0.354811 0.842444 0.999792 1 0.677781 0.0321785 	0.63728 0.627247 0.481001 0.535924 1 0.998456 0.0712947 0.0855561 0.359273 0.888946 0.151949 0.000161714 0.407432 0.633597 0.999215 1 0.714996 0.0186418 	0.497523 0.510628 0.458467 0.471801 0.684699 0.999405 0.060072 0.205949 0.411074 0.891272 0.263936 0.000223778 0.349766 0.732951 0.999605 1 0.674264 0.0195747 		0.332325
0.63728 0.627247 0.481001 0.535924 1 0.998456 0.0712947 0.0855561 0.359273 0.888946 0.151949 0.000161714 0.407432 0.633597 0.999215 1 0.714996 0.0186418 	0.497523 0.510628 0.458467 0.471801 0.684699 0.999405 0.060072 0.205949 0.411074 0.891272 0.263936 0.000223778 0.349766 0.732951 0.999605 1 0.674264 0.0195747 	0.36425 0.409749 0.345433 0.332325 0.330396 0.999551 0.0756547 0.431847 0.452593 0.892298 0.380766 0.00027746 0.273801 0.741443 0.999701 1 0.748436 0.0131814 		0.457672
0.497523 0.510628 0.458467 0.471801 0.684699 0.999405 0.060072 0.205949 0.411074 0.891272 0.263936 0.000223778 0.349766 0.732951 0.999605 1 0.674264 0.0195747 	0.36425 0.409749 0.345433 0.332325 0.330396 0.999551 0.0756547 0.431847 0.452593 0.892298 0.380766 0.00027746 0.273801 0.741443 0.999701 1 0.748436 0.0131814 	0.317424 0.448741 0.325855 0.457672 0.275744 0.999609 0.0740265 0.471031 0.444594 0.880105 0.470482 0.000361512 0.311495 0.836005 0.999853 1 0.68453 0.0225749 		0.595337
0.36425 0.409749 0.345433 0.332325 0.330396 0.999551 0.0756547 0.431847 0.452593 0.892298 0.380766 0.00027746 0.273801 0.741443 0.999701 1 0.748436 0.0131814 	0.317424 0.448741 0.325855 0.457672 0.275744 0.999609 0.0740265 0.471031 0.444594 0.880105 0.470482 0.000361512 0.311495 0.836005 0.999853 1 0.68453 0.0225749 	0.501125 0.585035 0.492821 0.595337 0.246411 0.999583 0.119149 0.433575 0.412725 0.899173 0.341654 7.14309e-05 0.357546 0.779735 0.999868 1 0.507495 0.0398919 		0.61164
0.317424 0.448741 0.325855 0.457672 0.275744 0.999609 0.0740265 0.471031 0.444594 0.880105 0.470482 0.000361512 0.311495 0.836005 0.999853 1 0.68453 0.0225749 	0.501125 0.585035 0.492821 0.595337 0.246411 0.999583 0.119149 0.433575 0.412725 0.899173 0.341654 7.14309e-05 0.357546 0.779735 0.999868 1 0.507495 0.0398919 	0.580369 0.630109 0.580737 0.61164 0.20173 0.99963 0.100463 0.417922 0.374397 0.918391 0.422408 6.82474e-05 0.371147 0.767531 0.999863 1 0.593396 0.0568854 		0.582658
0.501125 0.585035 0.492821 0.595337 0.246411 0.999583 0.119149 0.433575 0.412725 0.899173 0.341654 7.14309e-05 0.357546 0.779735 0.999868 1 0.507495 0.0398919 	0.580369 0.630109 0.580737 0.61164 0.20173 0.99963 0.100463 0.417922 0.374397 0.918391 0.422408 6.82474e-05 0.371147 0.767531 0.999863 1 0.593396 0.0568854 	0.585772 0.623312 0.577782 0.582658 0.176563 0.999689 0.0873223 0.393955 0.379575 0.908889 0.441002 0.000109036 0.346881 0.803353 0.999877 1 0.567195 0.0490464 		0.506942
0.580369 0.630109 0.580737 0.61164 0.20173 0.99963 0.100463 0.417922 0.374397 0.918391 0.422408 6.82474e-05 0.371147 0.767531 0.999863 1 0.593396 0.0568854 	0.585772 0.623312 0.577782 0.582658 0.176563 0.999689 0.0873223 0.393955 0.379575 0.908889 0.441002 0.000109036 0.346881 0.803353 0.999877 1 0.567195 0.0490464 	0.559478 0.566791 0.506858 0.506942 0.113078 0.999741 0.0895446 0.306954 0.391013 0.917449 0.526452 0.000192291 0.315443 0.784155 0.999832 1 0.662987 0.0427396 		0.539909
0.585772 0.623312 0.577782 0.582658 0.176563 0.999689 0.0873223 0.393955 0.379575 0.908889 0.441002 0.000109036 0.346881 0.803353 0.999877 1 0.567195 0.0490464 	0.559478 0.566791 0.506858 0.506942 0.113078 0.999741 0.0895446 0.306954 0.391013 0.917449 0.526452 0.000192291 0.315443 0.784155 0.999832 1 0.662987 0.0427396 	0.501125 0.553913 0.503164 0.539909 0.119872 0.999757 0.0941256 0.299562 0.39252 0.899832 0.484841 0.00023347 0.324523 0.832741 0.999887 1 0.598497 0.0475009 		0.599322
0.559478 0.566791 0.506858 0.506942 0.113078 0.999741 0.0895446 0.306954 0.391013 0.917449 0.526452 0.000192291 0.315443 0.784155 0.999832 1 0.662987 0.0427396 	0.501125 0.553913 0.503164 0.539909 0.119872 0.999757 0.0941256 0.299562 0.39252 0.899832 0.484841 0.00023347 0.324523 0.832741 0.999887 1 0.598497 0.0475009 	0.551553 0.599344 0.552294 0.599322 0.140392 0.999778 0.13818 0.302296 0.361047 0.893261 0.389294 0.000108515 0.351245 0.831665 0.999922 1 0.538673 0.059237 		0.594975
0.501125 0.553913 0.503164 0.539909 0.119872 0.999757 0.0941256 0.299562 0.39252 0.899832 0.484841 0.00023347 0.324523 0.832741 0.999887 1 0.598497 0.0475009 	0.551553 0.599344 0.552294 0.599322 0.140392 0.999778 0.13818 0.302296 0.361047 0.893261 0.389294 0.000108515 0.351245 0.831665 0.999922 1 0.538673 0.059237 	0.592256 0.60793 0.593297 0.594975 0.131343 0.99973 0.0796893 0.365964 0.374259 0.913179 0.456896 0.000115309 0.35071 0.801396 0.999849 1 0.567292 0.0378952 		0.604394
0.551553 0.599344 0.552294 0.599322 0.140392 0.999778 0.13818 0.302296 0.361047 0.893261 0.389294 0.000108515 0.351245 0.831665 0.999922 1 0.538673 0.059237 	0.592256 0.60793 0.593297 0.594975 0.131343 0.99973 0.0796893 0.365964 0.374259 0.913179 0.456896 0.000115309 0.35071 0.801396 0.999849 1 0.567292 0.0378952 	0.574606 0.604353 0.582584 0.604394 0.086492 0.999742 0.0721974 0.378448 0.384581 0.918209 0.448302 0.000153478 0.351915 0.815201 0.999825 1 0.556941 0.04337 		0.597149
0.592256 0.60793 0.593297 0.594975 0.131343 0.99973 0.0796893 0.365964 0.374259 0.913179 0.456896 0.000115309 0.35071 0.801396 0.999849 1 0.567292 0.0378952 	0.574606 0.604353 0.582584 0.604394 0.086492 0.999742 0.0721974 0.378448 0.384581 0.918209 0.448302 0.000153478 0.351915 0.815201 0.999825 1 0.556941 0.04337 	0.598379 0.597556 0.594035 0.597149 0.0649875 0.999827 0.0869638 0.373578 0.341068 0.928733 0.519982 0.000162973 0.342337 0.836553 0.999888 1 0.653132 0.0766822 		0.638448
0.574606 0.604353 0.582584 0.604394 0.086492 0.999742 0.0721974 0.378448 0.384581 0.918209 0.448302 0.000153478 0.351915 0.815201 0.999825 1 0.556941 0.04337 	0.598379 0.597556 0.594035 0.597149 0.0649875 0.999827 0.0869638 0.373578 0.341068 0.928733 0.519982 0.000162973 0.342337 0.836553 0.999888 1 0.653132 0.0766822 	0.598019 0.63154 0.610658 0.638448 0.0966047 0.999819 0.154335 0.310206 0.328605 0.908526 0.367515 0.000118615 0.331075 0.862423 0.999937 1 0.454794 0.0927097 		0.605843
0.598379 0.597556 0.594035 0.597149 0.0649875 0.999827 0.0869638 0.373578 0.341068 0.928733 0.519982 0.000162973 0.342337 0.836553 0.999888 1 0.653132 0.0766822 	0.598019 0.63154 0.610658 0.638448 0.0966047 0.999819 0.154335 0.310206 0.328605 0.908526 0.367515 0.000118615 0.331075 0.862423 0.999937 1 0.454794 0.0927097 	0.635119 0.637264 0.614721 0.605843 0.0759707 0.999899 0.246399 0.330771 0.391339 0.885072 0.214386 5.4491e-05 0.285023 0.864281 0.999949 1 0.199607 0.0754978 		0.455499
0.598019 0.63154 0.610658 0.638448 0.0966047 0.999819 0.154335 0.310206 0.328605 0.908526 0.367515 0.000118615 0.331075 0.862423 0.999937 1 0.454794 0.0927097 	0.635119 0.637264 0.614721 0.605843 0.0759707 0.999899 0.246399 0.330771 0.391339 0.885072 0.214386 5.4491e-05 0.285023 0.864281 0.999949 1 0.199607 0.0754978 	0.575326 0.587182 0.468441 0.455499 0.0941812 0.999881 0.132698 0.379609 0.329595 0.914455 0.428898 0.000128426 0.280077 0.838446 0.999901 1 0.593936 0.0677427 		0.471439
0.635119 0.637264 0.614721 0.605843 0.0759707 0.999899 0.246399 0.330771 0.391339 0.885072 0.214386 5.4491e-05 0.285023 0.864281 0.999949 1 0.199607 0.0754978 	0.575326 0.587182 0.468441 0.455499 0.0941812 0.999881 0.132698 0.379609 0.329595 0.914455 0.428898 0.000128426 0.280077 0.838446 0.999901 1 0.593936 0.0677427 	0.426204 0.488449 0.42042 0.471439 0.146136 0.999849 0.0934615 0.449364 0.398938 0.912298 0.364632 0.00022683 0.273997 0.833115 0.99986 1 0.566694 0.0332045 		0.52252
0.575326 0.587182 0.468441 0.455499 0.0941812 0.999881 0.132698 0.379609 0.329595 0.914455 0.428898 0.000128426 0.280077 0.838446 0.999901 1 0.593936 0.0677427 	0.426204 0.488449 0.42042 0.471439 0.146136 0.999849 0.0934615 0.449364 0.398938 0.912298 0.364632 0.00022683 0.273997 0.833115 0.99986 1 0.566694 0.0332045 	0.483476 0.515636 0.473613 0.52252 0.097438 0.999799 0.0686104 0.460659 0.377037 0.927117 0.436015 0.000145418 0.29787 0.798657 0.999852 1 0.612341 0.0326994 		0.472888
0.426204 0.488449 0.42042 0.471439 0.146136 0.999849 0.0934615 0.449364 0.398938 0.912298 0.364632 0.00022683 0.273997 0.833115 0.99986 1 0.566694 0.0332045 	0.483476 0.515636 0.473613 0.52252 0.097438 0.999799 0.0686104 0.460659 0.377037 0.927117 0.436015 0.000145418 0.29787 0.798657 0.999852 1 0.612341 0.0326994 	0.508329 0.521002 0.484325 0.472888 0.069835 0.999844 0.0552357 0.459234 0.359807 0.919574 0.456334 0.000142448 0.286775 0.822579 0.999887 1 0.582473 0.0353818 		0.472888
0.483476 0.515636 0.473613 0.52252 0.097438 0.999799 0.0686104 0.460659 0.377037 0.927117 0.436015 0.000145418 0.29787 0.798657 0.999852 1 0.612341 0.0326994 	0.508329 0.521002 0.484325 0.472888 0.069835 0.999844 0.0552357 0.459234 0.359807 0.919574 0.456334 0.000142448 0.286775 0.822579 0.999887 1 0.582473 0.0353818 	0.469068 0.484871 0.471766 0.472888 0.0616876 0.999879 0.0529767 0.440467 0.35497 0.918729 0.445942 0.000147568 0.281623 0.815426 0.99991 1 0.595399 0.0308696 		0.47325
0.508329 0.521002 0.484325 0.472888 0.069835 0.999844 0.0552357 0.459234 0.359807 0.919574 0.456334 0.000142448 0.286775 0.822579 0.999887 1 0.582473 0.0353818 	0.469068 0.484871 0.471766 0.472888 0.0616876 0.999879 0.0529767 0.440467 0.35497 0.918729 0.445942 0.000147568 0.281623 0.815426 0.99991 1 0.595399 0.0308696 	0.452138 0.466985 0.45699 0.47325 0.0347437 0.999844 0.0589922 0.496241 0.348356 0.929452 0.437116 8.54259e-05 0.26779 0.772291 0.999896 1 0.585603 0.030225 		0.528678
0.469068 0.484871 0.471766 0.472888 0.0616876 0.999879 0.0529767 0.440467 0.35497 0.918729 0.445942 0.000147568 0.281623 0.815426 0.99991 1 0.595399 0.0308696 	0.452138 0.466985 0.45699 0.47325 0.0347437 0.999844 0.0589922 0.496241 0.348356 0.929452 0.437116 8.54259e-05 0.26779 0.772291 0.999896 1 0.585603 0.030225 	0.476272 0.521002 0.484325 0.528678 0.0477665 0.999857 0.0845909 0.427194 0.348933 0.91698 0.413428 8.73285e-05 0.280946 0.807384 0.999917 1 0.492122 0.0386598 		0.496436
0.452138 0.466985 0.45699 0.47325 0.0347437 0.999844 0.0589922 0.496241 0.348356 0.929452 0.437116 8.54259e-05 0.26779 0.772291 0.999896 1 0.585603 0.030225 	0.476272 0.521002 0.484325 0.528678 0.0477665 0.999857 0.0845909 0.427194 0.348933 0.91698 0.413428 8.73285e-05 0.280946 0.807384 0.999917 1 0.492122 0.0386598 	0.521657 0.515278 0.498362 0.496436 0.0664291 0.99982 0.0619678 0.387915 0.355953 0.918709 0.473044 0.000189381 0.291446 0.803792 0.999866 1 0.600163 0.0304578 		0.480858
0.476272 0.521002 0.484325 0.528678 0.0477665 0.999857 0.0845909 0.427194 0.348933 0.91698 0.413428 8.73285e-05 0.280946 0.807384 0.999917 1 0.492122 0.0386598 	0.521657 0.515278 0.498362 0.496436 0.0664291 0.99982 0.0619678 0.387915 0.355953 0.918709 0.473044 0.000189381 0.291446 0.803792 0.999866 1 0.600163 0.0304578 	0.474471 0.492026 0.483956 0.480858 0.0504639 0.999869 0.0812029 0.348111 0.343116 0.903083 0.466116 0.000151409 0.261464 0.827076 0.999939 1 0.496828 0.0357828 		0.50984
0.521657 0.515278 0.498362 0.496436 0.0664291 0.99982 0.0619678 0.387915 0.355953 0.918709 0.473044 0.000189381 0.291446 0.803792 0.999866 1 0.600163 0.0304578 	0.474471 0.492026 0.483956 0.480858 0.0504639 0.999869 0.0812029 0.348111 0.343116 0.903083 0.466116 0.000151409 0.261464 0.827076 0.999939 1 0.496828 0.0357828 	0.49068 0.509912 0.506858 0.50984 0.130582 0.999863 0.0711921 0.356936 0.32733 0.92288 0.452616 7.05916e-05 0.281938 0.783879 0.99993 1 0.526376 0.0417483 		0.580484
0.474471 0.492026 0.483956 0.480858 0.0504639 0.999869 0.0812029 0.348111 0.343116 0.903083 0.466116 0.000151409 0.261464 0.827076 0.999939 1 0.496828 0.0357828 	0.49068 0.509912 0.506858 0.50984 0.130582 0.999863 0.0711921 0.356936 0.32733 0.92288 0.452616 7.05916e-05 0.281938 0.783879 0.99993 1 0.526376 0.0417483 	0.519135 0.575734 0.529391 0.580484 0.0716813 0.999856 0.0630287 0.348405 0.305468 0.932232 0.522258 6.69681e-05 0.304313 0.774386 0.999928 1 0.508917 0.0484656 		0.562732
0.49068 0.509912 0.506858 0.50984 0.130582 0.999863 0.0711921 0.356936 0.32733 0.92288 0.452616 7.05916e-05 0.281938 0.783879 0.99993 1 0.526376 0.0417483 	0.519135 0.575734 0.529391 0.580484 0.0716813 0.999856 0.0630287 0.348405 0.305468 0.932232 0.522258 6.69681e-05 0.304313 0.774386 0.999928 1 0.508917 0.0484656 	0.574966 0.570011 0.573719 0.562732 0.0513994 0.999866 0.0902832 0.296195 0.340048 0.919284 0.473891 6.08551e-05 0.291464 0.780403 0.999926 1 0.389099 0.0495256 		0.547517
0.519135 0.575734 0.529391 0.580484 0.0716813 0.999856 0.0630287 0.348405 0.305468 0.932232 0.522258 6.69681e-05 0.304313 0.774386 0.999928 1 0.508917 0.0484656 	0.574966 0.570011 0.573719 0.562732 0.0513994 0.999866 0.0902832 0.296195 0.340048 0.919284 0.473891 6.08551e-05 0.291464 0.780403 0.999926 1 0.389099 0.0495256 	0.547231 0.562856 0.561529 0.547517 0.069496 0.999873 0.0589762 0.240436 0.320546 0.925642 0.608736 8.92288e-05 0.298791 0.762772 0.999917 1 0.512403 0.0435683 		0.567442
0.574966 0.570011 0.573719 0.562732 0.0513994 0.999866 0.0902832 0.296195 0.340048 0.919284 0.473891 6.08551e-05 0.291464 0.780403 0.999926 1 0.389099 0.0495256 	0.547231 0.562856 0.561529 0.547517 0.069496 0.999873 0.0589762 0.240436 0.320546 0.925642 0.608736 8.92288e-05 0.298791 0.762772 0.999917 1 0.512403 0.0435683 	0.547231 0.558921 0.544167 0.567442 0.0852593 0.999846 0.0987126 0.243848 0.287894 0.905123 0.609577 0.000115874 0.306958 0.823202 0.999957 1 0.570575 0.0655673 		0.563819
0.547231 0.562856 0.561529 0.547517 0.069496 0.999873 0.0589762 0.240436 0.320546 0.925642 0.608736 8.92288e-05 0.298791 0.762772 0.999917 1 0.512403 0.0435683 	0.547231 0.558921 0.544167 0.567442 0.0852593 0.999846 0.0987126 0.243848 0.287894 0.905123 0.609577 0.000115874 0.306958 0.823202 0.999957 1 0.570575 0.0655673 	0.572084 0.568938 0.577413 0.563819 0.101813 0.999902 0.0561488 0.304435 0.327197 0.939108 0.561446 5.1781e-05 0.297946 0.766023 0.999929 1 0.504558 0.0637529 		0.566355
0.547231 0.558921 0.544167 0.567442 0.0852593 0.999846 0.0987126 0.243848 0.287894 0.905123 0.609577 0.000115874 0.306958 0.823202 0.999957 1 0.570575 0.0655673 	0.572084 0.568938 0.577413 0.563819 0.101813 0.999902 0.0561488 0.304435 0.327197 0.939108 0.561446 5.1781e-05 0.297946 0.766023 0.999929 1 0.504558 0.0637529 	0.555155 0.558563 0.56042 0.566355 0.0606788 0.999881 0.0689666 0.307913 0.318255 0.934703 0.540487 5.03132e-05 0.291581 0.755901 0.999934 1 0.472648 0.0655451 		0.464193
0.572084 0.568938 0.577413 0.563819 0.101813 0.999902 0.0561488 0.304435 0.327197 0.939108 0.561446 5.1781e-05 0.297946 0.766023 0.999929 1 0.504558 0.0637529 	0.555155 0.558563 0.56042 0.566355 0.0606788 0.999881 0.0689666 0.307913 0.318255 0.934703 0.540487 5.03132e-05 0.291581 0.755901 0.999934 1 0.472648 0.0655451 	0.565961 0.56536 0.477307 0.464193 0.0843026 0.999911 0.0622104 0.208802 0.352079 0.92826 0.582225 0.000120234 0.264256 0.778764 0.999875 1 0.500438 0.0537539 		0.496073
0.555155 0.558563 0.56042 0.566355 0.0606788 0.999881 0.0689666 0.307913 0.318255 0.934703 0.540487 5.03132e-05 0.291581 0.755901 0.999934 1 0.472648 0.0655451 	0.565961 0.56536 0.477307 0.464193 0.0843026 0.999911 0.0622104 0.208802 0.352079 0.92826 0.582225 0.000120234 0.264256 0.778764 0.999875 1 0.500438 0.0537539 	0.452499 0.493815 0.432979 0.496073 0.111287 0.999927 0.0595709 0.185701 0.382223 0.938962 0.622423 0.00018147 0.264353 0.784502 0.99983 1 0.555899 0.0564861 		0.459846
0.565961 0.56536 0.477307 0.464193 0.0843026 0.999911 0.0622104 0.208802 0.352079 0.92826 0.582225 0.000120234 0.264256 0.778764 0.999875 1 0.500438 0.0537539 	0.452499 0.493815 0.432979 0.496073 0.111287 0.999927 0.0595709 0.185701 0.382223 0.938962 0.622423 0.00018147 0.264353 0.784502 0.99983 1 0.555899 0.0564861 	0.480954 0.485945 0.470288 0.459846 0.037616 0.999933 0.102134 0.122146 0.376216 0.922538 0.639595 0.000570203 0.26146 0.861837 0.999855 1 0.586317 0.0772825 		0.391013
0.452499 0.493815 0.432979 0.496073 0.111287 0.999927 0.0595709 0.185701 0.382223 0.938962 0.622423 0.00018147 0.264353 0.784502 0.99983 1 0.555899 0.0564861 	0.480954 0.485945 0.470288 0.459846 0.037616 0.999933 0.102134 0.122146 0.376216 0.922538 0.639595 0.000570203 0.26146 0.861837 0.999855 1 0.586317 0.0772825 	0.4543 0.450172 0.40195 0.391013 0.13207 0.999915 0.115524 0.17914 0.469901 0.850912 0.38699 0.000674939 0.237906 0.888333 0.999892 1 0.383747 0.0270067 		0.259869
0.480954 0.485945 0.470288 0.459846 0.037616 0.999933 0.102134 0.122146 0.376216 0.922538 0.639595 0.000570203 0.26146 0.861837 0.999855 1 0.586317 0.0772825 	0.4543 0.450172 0.40195 0.391013 0.13207 0.999915 0.115524 0.17914 0.469901 0.850912 0.38699 0.000674939 0.237906 0.888333 0.999892 1 0.383747 0.0270067 	0.349842 0.343211 0.271554 0.259869 0.101073 0.999915 0.0821336 0.289369 0.478313 0.915719 0.514982 0.000425078 0.197337 0.786943 0.99975 1 0.642052 0.0237205 		0.158432
0.4543 0.450172 0.40195 0.391013 0.13207 0.999915 0.115524 0.17914 0.469901 0.850912 0.38699 0.000674939 0.237906 0.888333 0.999892 1 0.383747 0.0270067 	0.349842 0.343211 0.271554 0.259869 0.101073 0.999915 0.0821336 0.289369 0.478313 0.915719 0.514982 0.000425078 0.197337 0.786943 0.99975 1 0.642052 0.0237205 	0.203962 0.241616 0.164799 0.158432 0.135644 0.999925 0.0650216 0.227232 0.511238 0.91025 0.559883 0.00149177 0.171099 0.813766 0.999604 1 0.722436 0.0174782 		0.188863
0.349842 0.343211 0.271554 0.259869 0.101073 0.999915 0.0821336 0.289369 0.478313 0.915719 0.514982 0.000425078 0.197337 0.786943 0.99975 1 0.642052 0.0237205 	0.203962 0.241616 0.164799 0.158432 0.135644 0.999925 0.0650216 0.227232 0.511238 0.91025 0.559883 0.00149177 0.171099 0.813766 0.999604 1 0.722436 0.0174782 	0.191355 0.238397 0.169232 0.188863 0.140797 0.999945 0.160911 0.137171 0.477308 0.895427 0.692004 0.00334942 0.175019 0.869235 0.999765 0.999999 0.784508 0.0476922 		0.257696
