0.0299354 0.0265447 0.0197355 0.0129035 0.130972 0.677241 0.802564 0.701111 0.698708 0.366027 0.673733 0.241918 	0.0149677 0.00920216 0.00730944 0.00286743 0.111265 0.684234 0.81402 0.707612 0.705034 0.365265 0.674661 0.236313 	0.00498923 0.00141572 0.00438566 0 0.13174 0.666792 0.807871 0.709708 0.703711 0.383046 0.681061 0.233713 		0.00143372
0.0149677 0.00920216 0.00730944 0.00286743 0.111265 0.684234 0.81402 0.707612 0.705034 0.365265 0.674661 0.236313 	0.00498923 0.00141572 0.00438566 0 0.13174 0.666792 0.807871 0.709708 0.703711 0.383046 0.681061 0.233713 	0 0 0 0.00143372 0.112808 0.685955 0.807938 0.710205 0.703992 0.388765 0.67524 0.237846 		0.0189968
0.00498923 0.00141572 0.00438566 0 0.13174 0.666792 0.807871 0.709708 0.703711 0.383046 0.681061 0.233713 	0 0 0 0.00143372 0.112808 0.685955 0.807938 0.710205 0.703992 0.388765 0.67524 0.237846 	0.00392011 0.0166347 0.00475114 0.0189968 0.201467 0.674331 0.817103 0.703194 0.709534 0.381376 0.656608 0.249246 		0.045879
0 0 0 0.00143372 0.112808 0.685955 0.807938 0.710205 0.703992 0.388765 0.67524 0.237846 	0.00392011 0.0166347 0.00475114 0.0189968 0.201467 0.674331 0.817103 0.703194 0.709534 0.381376 0.656608 0.249246 	0.0299354 0.0488423 0.0332579 0.045879 0.262435 0.681639 0.795444 0.699194 0.717439 0.376767 0.658301 0.246114 		0.055915
0.00392011 0.0166347 0.00475114 0.0189968 0.201467 0.674331 0.817103 0.703194 0.709534 0.381376 0.656608 0.249246 	0.0299354 0.0488423 0.0332579 0.045879 0.262435 0.681639 0.795444 0.699194 0.717439 0.376767 0.658301 0.246114 	0.0466849 0.0537973 0.0500697 0.055915 0.251426 0.689592 0.806155 0.70338 0.708715 0.364946 0.62743 0.274427 		0.0666679
0.0299354 0.0488423 0.0332579 0.045879 0.262435 0.681639 0.795444 0.699194 0.717439 0.376767 0.658301 0.246114 	0.0466849 0.0537973 0.0500697 0.055915 0.251426 0.689592 0.806155 0.70338 0.708715 0.364946 0.62743 0.274427 	0.0595143 0.0629994 0.065054 0.0666679 0.232949 0.678503 0.772759 0.70735 0.70132 0.381271 0.662237 0.253115 		0.0756286
0.0466849 0.0537973 0.0500697 0.055915 0.251426 0.689592 0.806155 0.70338 0.708715 0.364946 0.62743 0.274427 	0.0595143 0.0629994 0.065054 0.0666679 0.232949 0.678503 0.772759 0.70735 0.70132 0.381271 0.662237 0.253115 	0.071631 0.0722016 0.0734599 0.0756286 0.280979 0.692496 0.761439 0.700169 0.68087 0.382506 0.660942 0.255593 		0.0992849
0.0595143 0.0629994 0.065054 0.0666679 0.232949 0.678503 0.772759 0.70735 0.70132 0.381271 0.662237 0.253115 	0.071631 0.0722016 0.0734599 0.0756286 0.280979 0.692496 0.761439 0.700169 0.68087 0.382506 0.660942 0.255593 	0.074482 0.101932 0.0796729 0.0992849 0.270111 0.696651 0.751791 0.689006 0.688847 0.383439 0.666611 0.253962 		0.10036
0.071631 0.0722016 0.0734599 0.0756286 0.280979 0.692496 0.761439 0.700169 0.68087 0.382506 0.660942 0.255593 	0.074482 0.101932 0.0796729 0.0992849 0.270111 0.696651 0.751791 0.689006 0.688847 0.383439 0.666611 0.253962 	0.104417 0.105117 0.105987 0.10036 0.157983 0.693841 0.742652 0.683325 0.692226 0.380873 0.673352 0.247615 		0.140863
0.074482 0.101932 0.0796729 0.0992849 0.270111 0.696651 0.751791 0.689006 0.688847 0.383439 0.666611 0.253962 	0.104417 0.105117 0.105987 0.10036 0.157983 0.693841 0.742652 0.683325 0.692226 0.380873 0.673352 0.247615 	0.10121 0.147942 0.103429 0.140863 0.278905 0.717811 0.757402 0.68323 0.683924 0.35541 0.603965 0.287891 		0.152332
0.104417 0.105117 0.105987 0.10036 0.157983 0.693841 0.742652 0.683325 0.692226 0.380873 0.673352 0.247615 	0.10121 0.147942 0.103429 0.140863 0.278905 0.717811 0.757402 0.68323 0.683924 0.35541 0.603965 0.287891 	0.1454 0.171302 0.144727 0.152332 0.370988 0.69418 0.734092 0.682224 0.689763 0.335198 0.652225 0.265986 		0.217567
0.10121 0.147942 0.103429 0.140863 0.278905 0.717811 0.757402 0.68323 0.683924 0.35541 0.603965 0.287891 	0.1454 0.171302 0.144727 0.152332 0.370988 0.69418 0.734092 0.682224 0.689763 0.335198 0.652225 0.265986 	0.165001 0.212712 0.165559 0.217567 0.356645 0.71191 0.738265 0.665477 0.688826 0.329571 0.604771 0.292363 		0.210756
0.1454 0.171302 0.144727 0.152332 0.370988 0.69418 0.734092 0.682224 0.689763 0.335198 0.652225 0.265986 	0.165001 0.212712 0.165559 0.217567 0.356645 0.71191 0.738265 0.665477 0.688826 0.329571 0.604771 0.292363 	0.222377 0.232886 0.184198 0.210756 0.395579 0.692047 0.705821 0.663503 0.683837 0.324343 0.649078 0.269751 		0.265238
0.165001 0.212712 0.165559 0.217567 0.356645 0.71191 0.738265 0.665477 0.688826 0.329571 0.604771 0.292363 	0.222377 0.232886 0.184198 0.210756 0.395579 0.692047 0.705821 0.663503 0.683837 0.324343 0.649078 0.269751 	0.202776 0.262262 0.202471 0.265238 0.331198 0.714477 0.693928 0.664416 0.683136 0.287074 0.604963 0.285751 		0.199645
0.222377 0.232886 0.184198 0.210756 0.395579 0.692047 0.705821 0.663503 0.683837 0.324343 0.649078 0.269751 	0.202776 0.262262 0.202471 0.265238 0.331198 0.714477 0.693928 0.664416 0.683136 0.287074 0.604963 0.285751 	0.247679 0.301902 0.162635 0.199645 0.322389 0.708023 0.72631 0.651505 0.661655 0.325441 0.611626 0.310395 		0.240148
0.202776 0.262262 0.202471 0.265238 0.331198 0.714477 0.693928 0.664416 0.683136 0.287074 0.604963 0.285751 	0.247679 0.301902 0.162635 0.199645 0.322389 0.708023 0.72631 0.651505 0.661655 0.325441 0.611626 0.310395 	0.224515 0.244919 0.196624 0.240148 0.47386 0.69723 0.687376 0.675734 0.650051 0.2641 0.614759 0.291284 		0.227603
0.247679 0.301902 0.162635 0.199645 0.322389 0.708023 0.72631 0.651505 0.661655 0.325441 0.611626 0.310395 	0.224515 0.244919 0.196624 0.240148 0.47386 0.69723 0.687376 0.675734 0.650051 0.2641 0.614759 0.291284 	0.225941 0.245981 0.226593 0.227603 0.384322 0.686863 0.701682 0.652139 0.660079 0.305816 0.644534 0.290246 		0.231187
0.224515 0.244919 0.196624 0.240148 0.47386 0.69723 0.687376 0.675734 0.650051 0.2641 0.614759 0.291284 	0.225941 0.245981 0.226593 0.227603 0.384322 0.686863 0.701682 0.652139 0.660079 0.305816 0.644534 0.290246 	0.23485 0.245981 0.233902 0.231187 0.265818 0.710194 0.671018 0.662833 0.635787 0.275375 0.672428 0.29377 		0.244449
0.225941 0.245981 0.226593 0.227603 0.384322 0.686863 0.701682 0.652139 0.660079 0.305816 0.644534 0.290246 	0.23485 0.245981 0.233902 0.231187 0.265818 0.710194 0.671018 0.662833 0.635787 0.275375 0.672428 0.29377 	0.232355 0.242796 0.227324 0.244449 0.221641 0.715007 0.684194 0.653109 0.626535 0.255444 0.657323 0.307381 		0.271689
0.23485 0.245981 0.233902 0.231187 0.265818 0.710194 0.671018 0.662833 0.635787 0.275375 0.672428 0.29377 	0.232355 0.242796 0.227324 0.244449 0.221641 0.715007 0.684194 0.653109 0.626535 0.255444 0.657323 0.307381 	0.244828 0.267571 0.250348 0.271689 0.326961 0.728718 0.672448 0.645044 0.641223 0.267942 0.644084 0.283024 		0.29212
0.232355 0.242796 0.227324 0.244449 0.221641 0.715007 0.684194 0.653109 0.626535 0.255444 0.657323 0.307381 	0.244828 0.267571 0.250348 0.271689 0.326961 0.728718 0.672448 0.645044 0.641223 0.267942 0.644084 0.283024 	0.277258 0.287745 0.275566 0.29212 0.401408 0.737124 0.672853 0.644812 0.621478 0.240682 0.600907 0.30285 		0.290686
0.244828 0.267571 0.250348 0.271689 0.326961 0.728718 0.672448 0.645044 0.641223 0.267942 0.644084 0.283024 	0.277258 0.287745 0.275566 0.29212 0.401408 0.737124 0.672853 0.644812 0.621478 0.240682 0.600907 0.30285 	0.293652 0.301548 0.295667 0.290686 0.450045 0.752187 0.655134 0.64552 0.614149 0.227011 0.595787 0.304523 		0.308608
0.277258 0.287745 0.275566 0.29212 0.401408 0.737124 0.672853 0.644812 0.621478 0.240682 0.600907 0.30285 	0.293652 0.301548 0.295667 0.290686 0.450045 0.752187 0.655134 0.64552 0.614149 0.227011 0.595787 0.304523 	0.292582 0.304733 0.276297 0.308608 0.42989 0.71976 0.686524 0.598394 0.625733 0.292438 0.609597 0.312951 		0.300005
0.293652 0.301548 0.295667 0.290686 0.450045 0.752187 0.655134 0.64552 0.614149 0.227011 0.595787 0.304523 	0.292582 0.304733 0.276297 0.308608 0.42989 0.71976 0.686524 0.598394 0.625733 0.292438 0.609597 0.312951 	0.309332 0.318536 0.308458 0.300005 0.373638 0.728417 0.692492 0.594369 0.624288 0.264686 0.591396 0.310532 		0.275274
0.292582 0.304733 0.276297 0.308608 0.42989 0.71976 0.686524 0.598394 0.625733 0.292438 0.609597 0.312951 	0.309332 0.318536 0.308458 0.300005 0.373638 0.728417 0.692492 0.594369 0.624288 0.264686 0.591396 0.310532 	0.29187 0.308626 0.283606 0.275274 0.381494 0.728156 0.69809 0.588013 0.58281 0.274659 0.572367 0.32129 		0.24194
0.309332 0.318536 0.308458 0.300005 0.373638 0.728417 0.692492 0.594369 0.624288 0.264686 0.591396 0.310532 	0.29187 0.308626 0.283606 0.275274 0.381494 0.728156 0.69809 0.588013 0.58281 0.274659 0.572367 0.32129 	0.276189 0.278188 0.23646 0.24194 0.419021 0.723896 0.673127 0.618255 0.551457 0.250639 0.614547 0.297075 		0.284234
0.29187 0.308626 0.283606 0.275274 0.381494 0.728156 0.69809 0.588013 0.58281 0.274659 0.572367 0.32129 	0.276189 0.278188 0.23646 0.24194 0.419021 0.723896 0.673127 0.618255 0.551457 0.250639 0.614547 0.297075 	0.250174 0.278896 0.258754 0.284234 0.351432 0.717802 0.678789 0.620906 0.604983 0.245402 0.632353 0.313939 		0.331189
0.276189 0.278188 0.23646 0.24194 0.419021 0.723896 0.673127 0.618255 0.551457 0.250639 0.614547 0.297075 	0.250174 0.278896 0.258754 0.284234 0.351432 0.717802 0.678789 0.620906 0.604983 0.245402 0.632353 0.313939 	0.285811 0.326677 0.294205 0.331189 0.358712 0.725299 0.686714 0.608921 0.599336 0.181847 0.555336 0.3393 		0.325095
0.250174 0.278896 0.258754 0.284234 0.351432 0.717802 0.678789 0.620906 0.604983 0.245402 0.632353 0.313939 	0.285811 0.326677 0.294205 0.331189 0.358712 0.725299 0.686714 0.608921 0.599336 0.181847 0.555336 0.3393 	0.357799 0.35853 0.318692 0.325095 0.497998 0.702315 0.679829 0.58981 0.609994 0.198855 0.603371 0.318076 		0.325095
0.285811 0.326677 0.294205 0.331189 0.358712 0.725299 0.686714 0.608921 0.599336 0.181847 0.555336 0.3393 	0.357799 0.35853 0.318692 0.325095 0.497998 0.702315 0.679829 0.58981 0.609994 0.198855 0.603371 0.318076 	0.326794 0.334463 0.327097 0.325095 0.26654 0.736537 0.68399 0.602593 0.623804 0.18861 0.619473 0.333483 		0.358788
0.357799 0.35853 0.318692 0.325095 0.497998 0.702315 0.679829 0.58981 0.609994 0.198855 0.603371 0.318076 	0.326794 0.334463 0.327097 0.325095 0.26654 0.736537 0.68399 0.602593 0.623804 0.18861 0.619473 0.333483 	0.328576 0.354991 0.339523 0.358788 0.292651 0.686742 0.672954 0.582743 0.615602 0.192316 0.587353 0.324141 		0.399649
0.326794 0.334463 0.327097 0.325095 0.26654 0.736537 0.68399 0.602593 0.623804 0.18861 0.619473 0.333483 	0.328576 0.354991 0.339523 0.358788 0.292651 0.686742 0.672954 0.582743 0.615602 0.192316 0.587353 0.324141 	0.369915 0.408081 0.377898 0.399649 0.621535 0.670319 0.720464 0.562341 0.599114 0.177746 0.402758 0.393072 		0.390688
0.328576 0.354991 0.339523 0.358788 0.292651 0.686742 0.672954 0.582743 0.615602 0.192316 0.587353 0.324141 	0.369915 0.408081 0.377898 0.399649 0.621535 0.670319 0.720464 0.562341 0.599114 0.177746 0.402758 0.393072 	0.391654 0.398524 0.386304 0.390688 0.318838 0.722485 0.666032 0.554702 0.645726 0.158232 0.643884 0.290371 		0.39033
0.369915 0.408081 0.377898 0.399649 0.621535 0.670319 0.720464 0.562341 0.599114 0.177746 0.402758 0.393072 	0.391654 0.398524 0.386304 0.390688 0.318838 0.722485 0.666032 0.554702 0.645726 0.158232 0.643884 0.290371 	0.384527 0.392154 0.391055 0.39033 0.339787 0.731635 0.664319 0.584418 0.629234 0.102992 0.611191 0.288791 		0.361655
0.391654 0.398524 0.386304 0.390688 0.318838 0.722485 0.666032 0.554702 0.645726 0.158232 0.643884 0.290371 	0.384527 0.392154 0.391055 0.39033 0.339787 0.731635 0.664319 0.584418 0.629234 0.102992 0.611191 0.288791 	0.394149 0.389322 0.370954 0.361655 0.243612 0.70675 0.649715 0.552433 0.609655 0.17703 0.664602 0.299677 		0.352336
0.384527 0.392154 0.391055 0.39033 0.339787 0.731635 0.664319 0.584418 0.629234 0.102992 0.611191 0.288791 	0.394149 0.389322 0.370954 0.361655 0.243612 0.70675 0.649715 0.552433 0.609655 0.17703 0.664602 0.299677 	0.358511 0.404541 0.360721 0.352336 0.416559 0.699327 0.687432 0.588527 0.563443 0.122266 0.470675 0.370069 		0.348393
0.394149 0.389322 0.370954 0.361655 0.243612 0.70675 0.649715 0.552433 0.609655 0.17703 0.664602 0.299677 	0.358511 0.404541 0.360721 0.352336 0.416559 0.699327 0.687432 0.588527 0.563443 0.122266 0.470675 0.370069 	0.353166 0.353222 0.34062 0.348393 0.273709 0.696425 0.687856 0.56497 0.579925 0.15505 0.598976 0.328134 		0.345884
0.358511 0.404541 0.360721 0.352336 0.416559 0.699327 0.687432 0.588527 0.563443 0.122266 0.470675 0.370069 	0.353166 0.353222 0.34062 0.348393 0.273709 0.696425 0.687856 0.56497 0.579925 0.15505 0.598976 0.328134 	0.34782 0.351806 0.349757 0.345884 0.188889 0.693258 0.657468 0.566737 0.572383 0.11714 0.641175 0.295511 		0.343017
0.353166 0.353222 0.34062 0.348393 0.273709 0.696425 0.687856 0.56497 0.579925 0.15505 0.598976 0.328134 	0.34782 0.351806 0.349757 0.345884 0.188889 0.693258 0.657468 0.566737 0.572383 0.11714 0.641175 0.295511 	0.348889 0.350744 0.341716 0.343017 0.187538 0.66622 0.69039 0.534735 0.598157 0.160047 0.66065 0.324245 		0.37886
0.34782 0.351806 0.349757 0.345884 0.188889 0.693258 0.657468 0.566737 0.572383 0.11714 0.641175 0.295511 	0.348889 0.350744 0.341716 0.343017 0.187538 0.66622 0.69039 0.534735 0.598157 0.160047 0.66065 0.324245 	0.343544 0.373042 0.346833 0.37886 0.259181 0.689041 0.695922 0.515727 0.598117 0.11314 0.670383 0.33289 		0.39033
0.348889 0.350744 0.341716 0.343017 0.187538 0.66622 0.69039 0.534735 0.598157 0.160047 0.66065 0.324245 	0.343544 0.373042 0.346833 0.37886 0.259181 0.689041 0.695922 0.515727 0.598117 0.11314 0.670383 0.33289 	0.383814 0.390384 0.393979 0.39033 0.259483 0.722988 0.615307 0.574821 0.581608 0.111304 0.660616 0.315264 		0.259144
0.343544 0.373042 0.346833 0.37886 0.259181 0.689041 0.695922 0.515727 0.598117 0.11314 0.670383 0.33289 	0.383814 0.390384 0.393979 0.39033 0.259483 0.722988 0.615307 0.574821 0.581608 0.111304 0.660616 0.315264 	0.321805 0.324553 0.270815 0.259144 0.251909 0.700109 0.68777 0.572206 0.575544 0.180613 0.701478 0.326098 		0.30298
0.383814 0.390384 0.393979 0.39033 0.259483 0.722988 0.615307 0.574821 0.581608 0.111304 0.660616 0.315264 	0.321805 0.324553 0.270815 0.259144 0.251909 0.700109 0.68777 0.572206 0.575544 0.180613 0.701478 0.326098 	0.277802 0.307438 0.28596 0.30298 0.339004 0.681678 0.687123 0.581034 0.568314 0.147402 0.659503 0.333135 		0.359133
0.321805 0.324553 0.270815 0.259144 0.251909 0.700109 0.68777 0.572206 0.575544 0.180613 0.701478 0.326098 	0.277802 0.307438 0.28596 0.30298 0.339004 0.681678 0.687123 0.581034 0.568314 0.147402 0.659503 0.333135 	0.308059 0.358236 0.318836 0.359133 0.274846 0.694543 0.691373 0.537969 0.623006 0.150532 0.688062 0.33136 		0.361307
0.277802 0.307438 0.28596 0.30298 0.339004 0.681678 0.687123 0.581034 0.568314 0.147402 0.659503 0.333135 	0.308059 0.358236 0.318836 0.359133 0.274846 0.694543 0.691373 0.537969 0.623006 0.150532 0.688062 0.33136 	0.361729 0.362528 0.35947 0.361307 0.193912 0.680327 0.678433 0.537479 0.623422 0.178259 0.686099 0.334015 		0.367465
0.308059 0.358236 0.318836 0.359133 0.274846 0.694543 0.691373 0.537969 0.623006 0.150532 0.688062 0.33136 	0.361729 0.362528 0.35947 0.361307 0.193912 0.680327 0.678433 0.537479 0.623422 0.178259 0.686099 0.334015 	0.370734 0.378626 0.370182 0.367465 0.18988 0.68787 0.664421 0.55395 0.606067 0.152609 0.675609 0.318865 		0.379783
0.361729 0.362528 0.35947 0.361307 0.193912 0.680327 0.678433 0.537479 0.623422 0.178259 0.686099 0.334015 	0.370734 0.378626 0.370182 0.367465 0.18988 0.68787 0.664421 0.55395 0.606067 0.152609 0.675609 0.318865 	0.375056 0.373976 0.374615 0.379783 0.170498 0.671445 0.662026 0.517444 0.594648 0.182454 0.656156 0.313466 		0.366741
0.370734 0.378626 0.370182 0.367465 0.18988 0.68787 0.664421 0.55395 0.606067 0.152609 0.675609 0.318865 	0.375056 0.373976 0.374615 0.379783 0.170498 0.671445 0.662026 0.517444 0.594648 0.182454 0.656156 0.313466 	0.38298 0.37648 0.353929 0.366741 0.242608 0.699856 0.650417 0.548783 0.562963 0.145927 0.646971 0.304055 		0.346091
0.375056 0.373976 0.374615 0.379783 0.170498 0.671445 0.662026 0.517444 0.594648 0.182454 0.656156 0.313466 	0.38298 0.37648 0.353929 0.366741 0.242608 0.699856 0.650417 0.548783 0.562963 0.145927 0.646971 0.304055 	0.357406 0.363244 0.355037 0.346091 0.18656 0.677928 0.681778 0.503123 0.573984 0.19714 0.645142 0.320454 		0.332687
0.38298 0.37648 0.353929 0.366741 0.242608 0.699856 0.650417 0.548783 0.562963 0.145927 0.646971 0.304055 	0.357406 0.363244 0.355037 0.346091 0.18656 0.677928 0.681778 0.503123 0.573984 0.19714 0.645142 0.320454 	0.330031 0.33391 0.333982 0.332687 0.185462 0.679238 0.689496 0.514335 0.579501 0.194301 0.659333 0.320578 		0.317109
0.357406 0.363244 0.355037 0.346091 0.18656 0.677928 0.681778 0.503123 0.573984 0.19714 0.645142 0.320454 	0.330031 0.33391 0.333982 0.332687 0.185462 0.679238 0.689496 0.514335 0.579501 0.194301 0.659333 0.320578 	0.340477 0.339276 0.324377 0.317109 0.219341 0.651973 0.673519 0.526698 0.561354 0.172362 0.664239 0.321485 		0.289214
0.330031 0.33391 0.333982 0.332687 0.185462 0.679238 0.689496 0.514335 0.579501 0.194301 0.659333 0.320578 	0.340477 0.339276 0.324377 0.317109 0.219341 0.651973 0.673519 0.526698 0.561354 0.172362 0.664239 0.321485 	0.295812 0.302072 0.297411 0.289214 0.166006 0.654773 0.695914 0.533596 0.556613 0.152125 0.652013 0.292609 		0.317833
0.340477 0.339276 0.324377 0.317109 0.219341 0.651973 0.673519 0.526698 0.561354 0.172362 0.664239 0.321485 	0.295812 0.302072 0.297411 0.289214 0.166006 0.654773 0.695914 0.533596 0.556613 0.152125 0.652013 0.292609 	0.304097 0.314951 0.304799 0.317833 0.168915 0.674545 0.695452 0.538683 0.552978 0.131399 0.627456 0.282807 		0.303705
0.295812 0.302072 0.297411 0.289214 0.166006 0.654773 0.695914 0.533596 0.556613 0.152125 0.652013 0.292609 	0.304097 0.314951 0.304799 0.317833 0.168915 0.674545 0.695452 0.538683 0.552978 0.131399 0.627456 0.282807 	0.324268 0.327471 0.314773 0.303705 0.214221 0.66885 0.703496 0.519228 0.544698 0.117542 0.629302 0.284131 		0.289214
0.304097 0.314951 0.304799 0.317833 0.168915 0.674545 0.695452 0.538683 0.552978 0.131399 0.627456 0.282807 	0.324268 0.327471 0.314773 0.303705 0.214221 0.66885 0.703496 0.519228 0.544698 0.117542 0.629302 0.284131 	0.337235 0.331048 0.299997 0.289214 0.290579 0.680451 0.712052 0.525656 0.534746 0.107721 0.625897 0.297049 		0.2711
0.324268 0.327471 0.314773 0.303705 0.214221 0.66885 0.703496 0.519228 0.544698 0.117542 0.629302 0.284131 	0.337235 0.331048 0.299997 0.289214 0.290579 0.680451 0.712052 0.525656 0.534746 0.107721 0.625897 0.297049 	0.290049 0.288479 0.27377 0.2711 0.263382 0.669575 0.733923 0.519702 0.528683 0.113871 0.638794 0.313491 		0.284866
0.337235 0.331048 0.299997 0.289214 0.290579 0.680451 0.712052 0.525656 0.534746 0.107721 0.625897 0.297049 	0.290049 0.288479 0.27377 0.2711 0.263382 0.669575 0.733923 0.519702 0.528683 0.113871 0.638794 0.313491 	0.272039 0.291698 0.281527 0.284866 0.246842 0.664559 0.711387 0.514835 0.510809 0.144747 0.633966 0.314994 		0.309139
0.290049 0.288479 0.27377 0.2711 0.263382 0.669575 0.733923 0.519702 0.528683 0.113871 0.638794 0.313491 	0.272039 0.291698 0.281527 0.284866 0.246842 0.664559 0.711387 0.514835 0.510809 0.144747 0.633966 0.314994 	0.287168 0.302788 0.297411 0.309139 0.275945 0.682241 0.730767 0.486067 0.545808 0.119173 0.665789 0.310713 		0.317109
0.272039 0.291698 0.281527 0.284866 0.246842 0.664559 0.711387 0.514835 0.510809 0.144747 0.633966 0.314994 	0.287168 0.302788 0.297411 0.309139 0.275945 0.682241 0.730767 0.486067 0.545808 0.119173 0.665789 0.310713 	0.311301 0.314951 0.3229 0.317109 0.234366 0.648313 0.7299 0.463512 0.557236 0.150623 0.676632 0.318059 		0.322181
0.287168 0.302788 0.297411 0.309139 0.275945 0.682241 0.730767 0.486067 0.545808 0.119173 0.665789 0.310713 	0.311301 0.314951 0.3229 0.317109 0.234366 0.648313 0.7299 0.463512 0.557236 0.150623 0.676632 0.318059 	0.317784 0.318886 0.319575 0.322181 0.149608 0.666023 0.721384 0.481278 0.562484 0.138039 0.674233 0.318606 		0.330151
0.311301 0.314951 0.3229 0.317109 0.234366 0.648313 0.7299 0.463512 0.557236 0.150623 0.676632 0.318059 	0.317784 0.318886 0.319575 0.322181 0.149608 0.666023 0.721384 0.481278 0.562484 0.138039 0.674233 0.318606 	0.325709 0.339276 0.338045 0.330151 0.211822 0.636533 0.719416 0.473617 0.535879 0.107188 0.618208 0.312524 		0.340657
0.317784 0.318886 0.319575 0.322181 0.149608 0.666023 0.721384 0.481278 0.562484 0.138039 0.674233 0.318606 	0.325709 0.339276 0.338045 0.330151 0.211822 0.636533 0.719416 0.473617 0.535879 0.107188 0.618208 0.312524 	0.330391 0.336414 0.341 0.340657 0.162681 0.659231 0.745686 0.444644 0.582253 0.129628 0.65607 0.315462 		0.351887
0.325709 0.339276 0.338045 0.330151 0.211822 0.636533 0.719416 0.473617 0.535879 0.107188 0.618208 0.312524 	0.330391 0.336414 0.341 0.340657 0.162681 0.659231 0.745686 0.444644 0.582253 0.129628 0.65607 0.315462 	0.3466 0.348577 0.3591 0.351887 0.17401 0.653069 0.715666 0.48294 0.577929 0.0910046 0.664628 0.291704 		0.332325
0.330391 0.336414 0.341 0.340657 0.162681 0.659231 0.745686 0.444644 0.582253 0.129628 0.65607 0.315462 	0.3466 0.348577 0.3591 0.351887 0.17401 0.653069 0.715666 0.48294 0.577929 0.0910046 0.664628 0.291704 	0.351283 0.343211 0.338414 0.332325 0.27275 0.63452 0.747569 0.448022 0.574708 0.142723 0.632904 0.321265 		0.369639
0.3466 0.348577 0.3591 0.351887 0.17401 0.653069 0.715666 0.48294 0.577929 0.0910046 0.664628 0.291704 	0.351283 0.343211 0.338414 0.332325 0.27275 0.63452 0.747569 0.448022 0.574708 0.142723 0.632904 0.321265 	0.331832 0.362886 0.338784 0.369639 0.24681 0.63951 0.7607 0.426335 0.58543 0.141043 0.606775 0.322922 		0.367103
0.351283 0.343211 0.338414 0.332325 0.27275 0.63452 0.747569 0.448022 0.574708 0.142723 0.632904 0.321265 	0.331832 0.362886 0.338784 0.369639 0.24681 0.63951 0.7607 0.426335 0.58543 0.141043 0.606775 0.322922 	0.369293 0.36861 0.374615 0.367103 0.201921 0.638311 0.709999 0.46998 0.582335 0.112465 0.646908 0.282795 		0.377247
0.331832 0.362886 0.338784 0.369639 0.24681 0.63951 0.7607 0.426335 0.58543 0.141043 0.606775 0.322922 	0.369293 0.36861 0.374615 0.367103 0.201921 0.638311 0.709999 0.46998 0.582335 0.112465 0.646908 0.282795 	0.376137 0.37326 0.377939 0.377247 0.226173 0.647899 0.707963 0.453172 0.576376 0.179699 0.634096 0.308493 		0.341744
0.369293 0.36861 0.374615 0.367103 0.201921 0.638311 0.709999 0.46998 0.582335 0.112465 0.646908 0.282795 	0.376137 0.37326 0.377939 0.377247 0.226173 0.647899 0.707963 0.453172 0.576376 0.179699 0.634096 0.308493 	0.368933 0.36074 0.353559 0.341744 0.235471 0.667524 0.743268 0.435266 0.549358 0.199059 0.596027 0.328748 		0.35225
0.376137 0.37326 0.377939 0.377247 0.226173 0.647899 0.707963 0.453172 0.576376 0.179699 0.634096 0.308493 	0.368933 0.36074 0.353559 0.341744 0.235471 0.667524 0.743268 0.435266 0.549358 0.199059 0.596027 0.328748 	0.3466 0.34965 0.350974 0.35225 0.168337 0.653776 0.729398 0.429639 0.556487 0.152954 0.657345 0.298687 		0.341381
0.368933 0.36074 0.353559 0.341744 0.235471 0.667524 0.743268 0.435266 0.549358 0.199059 0.596027 0.328748 	0.3466 0.34965 0.350974 0.35225 0.168337 0.653776 0.729398 0.429639 0.556487 0.152954 0.657345 0.298687 	0.34516 0.340349 0.341 0.341381 0.207821 0.700386 0.752701 0.462558 0.599235 0.107399 0.64262 0.301318 		0.333411
0.3466 0.34965 0.350974 0.35225 0.168337 0.653776 0.729398 0.429639 0.556487 0.152954 0.657345 0.298687 	0.34516 0.340349 0.341 0.341381 0.207821 0.700386 0.752701 0.462558 0.599235 0.107399 0.64262 0.301318 	0.340837 0.338561 0.343216 0.333411 0.178348 0.591362 0.7489 0.442129 0.609726 0.156184 0.655902 0.296074 		0.358046
0.34516 0.340349 0.341 0.341381 0.207821 0.700386 0.752701 0.462558 0.599235 0.107399 0.64262 0.301318 	0.340837 0.338561 0.343216 0.333411 0.178348 0.591362 0.7489 0.442129 0.609726 0.156184 0.655902 0.296074 	0.321747 0.353943 0.32253 0.358046 0.297599 0.614025 0.760787 0.447635 0.583041 0.14023 0.595665 0.315806 		0.348989
0.340837 0.338561 0.343216 0.333411 0.178348 0.591362 0.7489 0.442129 0.609726 0.156184 0.655902 0.296074 	0.321747 0.353943 0.32253 0.358046 0.297599 0.614025 0.760787 0.447635 0.583041 0.14023 0.595665 0.315806 	0.353804 0.351439 0.357623 0.348989 0.207728 0.607986 0.744707 0.452101 0.614822 0.0922317 0.69205 0.288922 		0.350801
0.321747 0.353943 0.32253 0.358046 0.297599 0.614025 0.760787 0.447635 0.583041 0.14023 0.595665 0.315806 	0.353804 0.351439 0.357623 0.348989 0.207728 0.607986 0.744707 0.452101 0.614822 0.0922317 0.69205 0.288922 	0.349842 0.361455 0.357253 0.350801 0.28007 0.622238 0.769406 0.42463 0.602025 0.0992563 0.660197 0.304551 		0.373986
0.353804 0.351439 0.357623 0.348989 0.207728 0.607986 0.744707 0.452101 0.614822 0.0922317 0.69205 0.288922 	0.349842 0.361455 0.357253 0.350801 0.28007 0.622238 0.769406 0.42463 0.602025 0.0992563 0.660197 0.304551 	0.359928 0.372903 0.368705 0.373986 0.285184 0.589894 0.770082 0.373257 0.578555 0.147357 0.629518 0.319805 		0.381232
0.349842 0.361455 0.357253 0.350801 0.28007 0.622238 0.769406 0.42463 0.602025 0.0992563 0.660197 0.304551 	0.359928 0.372903 0.368705 0.373986 0.285184 0.589894 0.770082 0.373257 0.578555 0.147357 0.629518 0.319805 	0.377217 0.382919 0.386066 0.381232 0.178672 0.565184 0.737042 0.381153 0.581724 0.134246 0.667933 0.301839 		0.413474
0.359928 0.372903 0.368705 0.373986 0.285184 0.589894 0.770082 0.373257 0.578555 0.147357 0.629518 0.319805 	0.377217 0.382919 0.386066 0.381232 0.178672 0.565184 0.737042 0.381153 0.581724 0.134246 0.667933 0.301839 	0.389464 0.407602 0.396409 0.413474 0.244807 0.557217 0.738769 0.35006 0.567899 0.15797 0.634886 0.313423 		0.430501
0.377217 0.382919 0.386066 0.381232 0.178672 0.565184 0.737042 0.381153 0.581724 0.134246 0.667933 0.301839 	0.389464 0.407602 0.396409 0.413474 0.244807 0.557217 0.738769 0.35006 0.567899 0.15797 0.634886 0.313423 	0.423683 0.424773 0.433349 0.430501 0.272601 0.600544 0.740539 0.363535 0.596446 0.109879 0.654661 0.308074 		0.466367
0.389464 0.407602 0.396409 0.413474 0.244807 0.557217 0.738769 0.35006 0.567899 0.15797 0.634886 0.313423 	0.423683 0.424773 0.433349 0.430501 0.272601 0.600544 0.740539 0.363535 0.596446 0.109879 0.654661 0.308074 	0.433408 0.459473 0.448494 0.466367 0.263347 0.571135 0.733802 0.338755 0.583213 0.138123 0.632288 0.323942 		0.459121
0.423683 0.424773 0.433349 0.430501 0.272601 0.600544 0.740539 0.363535 0.596446 0.109879 0.654661 0.308074 	0.433408 0.459473 0.448494 0.466367 0.263347 0.571135 0.733802 0.338755 0.583213 0.138123 0.632288 0.323942 	0.460063 0.456969 0.467333 0.459121 0.272096 0.567906 0.738437 0.328545 0.577397 0.121589 0.636759 0.316206 		0.478684
0.433408 0.459473 0.448494 0.466367 0.263347 0.571135 0.733802 0.338755 0.583213 0.138123 0.632288 0.323942 	0.460063 0.456969 0.467333 0.459121 0.272096 0.567906 0.738437 0.328545 0.577397 0.121589 0.636759 0.316206 	0.462944 0.479863 0.473613 0.478684 0.250799 0.545879 0.727984 0.341317 0.589681 0.0904936 0.624128 0.303299 		0.506942
0.460063 0.456969 0.467333 0.459121 0.272096 0.567906 0.738437 0.328545 0.577397 0.121589 0.636759 0.316206 	0.462944 0.479863 0.473613 0.478684 0.250799 0.545879 0.727984 0.341317 0.589681 0.0904936 0.624128 0.303299 	0.492841 0.509912 0.507597 0.506942 0.18496 0.560555 0.722634 0.306422 0.596783 0.106988 0.659509 0.320591 		0.505493
0.462944 0.479863 0.473613 0.478684 0.250799 0.545879 0.727984 0.341317 0.589681 0.0904936 0.624128 0.303299 	0.492841 0.509912 0.507597 0.506942 0.18496 0.560555 0.722634 0.306422 0.596783 0.106988 0.659509 0.320591 	0.50869 0.503473 0.495038 0.505493 0.32384 0.684688 0.693207 0.414862 0.615424 0.0349378 0.68687 0.321282 		0.496798
0.492841 0.509912 0.507597 0.506942 0.18496 0.560555 0.722634 0.306422 0.596783 0.106988 0.659509 0.320591 	0.50869 0.503473 0.495038 0.505493 0.32384 0.684688 0.693207 0.414862 0.615424 0.0349378 0.68687 0.321282 	0.499685 0.499538 0.49984 0.496798 0.240086 0.626645 0.724614 0.352339 0.626869 0.0753314 0.659964 0.329698 		0.497885
0.50869 0.503473 0.495038 0.505493 0.32384 0.684688 0.693207 0.414862 0.615424 0.0349378 0.68687 0.321282 	0.499685 0.499538 0.49984 0.496798 0.240086 0.626645 0.724614 0.352339 0.626869 0.0753314 0.659964 0.329698 	0.490319 0.504904 0.492082 0.497885 0.251645 0.601228 0.710278 0.339965 0.616689 0.0890569 0.682281 0.320663 		0.508753
0.499685 0.499538 0.49984 0.496798 0.240086 0.626645 0.724614 0.352339 0.626869 0.0753314 0.659964 0.329698 	0.490319 0.504904 0.492082 0.497885 0.251645 0.601228 0.710278 0.339965 0.616689 0.0890569 0.682281 0.320663 	0.500045 0.507051 0.510552 0.508753 0.171384 0.578836 0.702275 0.343092 0.624377 0.0942831 0.672931 0.306535 		0.5544
0.490319 0.504904 0.492082 0.497885 0.251645 0.601228 0.710278 0.339965 0.616689 0.0890569 0.682281 0.320663 	0.500045 0.507051 0.510552 0.508753 0.171384 0.578836 0.702275 0.343092 0.624377 0.0942831 0.672931 0.306535 	0.520216 0.549263 0.534563 0.5544 0.252679 0.562144 0.733978 0.341771 0.634846 0.0834558 0.5759 0.345168 		0.538098
0.500045 0.507051 0.510552 0.508753 0.171384 0.578836 0.702275 0.343092 0.624377 0.0942831 0.672931 0.306535 	0.520216 0.549263 0.534563 0.5544 0.252679 0.562144 0.733978 0.341771 0.634846 0.0834558 0.5759 0.345168 	0.574606 0.570726 0.534563 0.538098 0.552743 0.55619 0.747282 0.329419 0.636227 0.0917524 0.576839 0.350398 		0.562008
0.520216 0.549263 0.534563 0.5544 0.252679 0.562144 0.733978 0.341771 0.634846 0.0834558 0.5759 0.345168 	0.574606 0.570726 0.534563 0.538098 0.552743 0.55619 0.747282 0.329419 0.636227 0.0917524 0.576839 0.350398 	0.538946 0.561783 0.554141 0.562008 0.294202 0.608811 0.725871 0.340454 0.659875 0.0847216 0.634724 0.328693 		0.559834
0.574606 0.570726 0.534563 0.538098 0.552743 0.55619 0.747282 0.329419 0.636227 0.0917524 0.576839 0.350398 	0.538946 0.561783 0.554141 0.562008 0.294202 0.608811 0.725871 0.340454 0.659875 0.0847216 0.634724 0.328693 	0.572084 0.566791 0.556726 0.559834 0.404597 0.586997 0.733489 0.320521 0.638975 0.0973923 0.598836 0.33239 		0.583744
0.538946 0.561783 0.554141 0.562008 0.294202 0.608811 0.725871 0.340454 0.659875 0.0847216 0.634724 0.328693 	0.572084 0.566791 0.556726 0.559834 0.404597 0.586997 0.733489 0.320521 0.638975 0.0973923 0.598836 0.33239 	0.556236 0.575019 0.570763 0.583744 0.206388 0.562795 0.693421 0.33532 0.620956 0.0907896 0.597827 0.32702 		0.610191
0.572084 0.566791 0.556726 0.559834 0.404597 0.586997 0.733489 0.320521 0.638975 0.0973923 0.598836 0.33239 	0.556236 0.575019 0.570763 0.583744 0.206388 0.562795 0.693421 0.33532 0.620956 0.0907896 0.597827 0.32702 	0.592256 0.599344 0.601423 0.610191 0.244374 0.591178 0.671477 0.328407 0.623911 0.0867486 0.61449 0.322563 		0.622508
0.556236 0.575019 0.570763 0.583744 0.206388 0.562795 0.693421 0.33532 0.620956 0.0907896 0.597827 0.32702 	0.592256 0.599344 0.601423 0.610191 0.244374 0.591178 0.671477 0.328407 0.623911 0.0867486 0.61449 0.322563 	0.612787 0.616158 0.612136 0.622508 0.182126 0.624742 0.6423 0.356921 0.668645 0.0409683 0.689266 0.289678 		0.611277
0.592256 0.599344 0.601423 0.610191 0.244374 0.591178 0.671477 0.328407 0.623911 0.0867486 0.61449 0.322563 	0.612787 0.616158 0.612136 0.622508 0.182126 0.624742 0.6423 0.356921 0.668645 0.0409683 0.689266 0.289678 	0.627915 0.62367 0.615091 0.611277 0.229376 0.562113 0.671453 0.322993 0.656491 0.107044 0.664937 0.318611 		0.647143
0.612787 0.616158 0.612136 0.622508 0.182126 0.624742 0.6423 0.356921 0.668645 0.0409683 0.689266 0.289678 	0.627915 0.62367 0.615091 0.611277 0.229376 0.562113 0.671453 0.322993 0.656491 0.107044 0.664937 0.318611 	0.610265 0.638337 0.622479 0.647143 0.200948 0.617079 0.681079 0.31313 0.671716 0.0946197 0.652296 0.349312 		0.673227
0.627915 0.62367 0.615091 0.611277 0.229376 0.562113 0.671453 0.322993 0.656491 0.107044 0.664937 0.318611 	0.610265 0.638337 0.622479 0.647143 0.200948 0.617079 0.681079 0.31313 0.671716 0.0946197 0.652296 0.349312 	0.65493 0.668386 0.669761 0.673227 0.159316 0.573741 0.62881 0.324941 0.650372 0.0769409 0.652391 0.316709 		0.673951
0.610265 0.638337 0.622479 0.647143 0.200948 0.617079 0.681079 0.31313 0.671716 0.0946197 0.652296 0.349312 	0.65493 0.668386 0.669761 0.673227 0.159316 0.573741 0.62881 0.324941 0.650372 0.0769409 0.652391 0.316709 	0.668618 0.680906 0.680474 0.673951 0.191993 0.581329 0.615284 0.330409 0.639324 0.0842235 0.655127 0.331827 		0.660547
0.65493 0.668386 0.669761 0.673227 0.159316 0.573741 0.62881 0.324941 0.650372 0.0769409 0.652391 0.316709 	0.668618 0.680906 0.680474 0.673951 0.191993 0.581329 0.615284 0.330409 0.639324 0.0842235 0.655127 0.331827 	0.67258 0.678045 0.678257 0.660547 0.234501 0.573491 0.622745 0.316827 0.646849 0.0951583 0.666332 0.334579 		0.712353
0.668618 0.680906 0.680474 0.673951 0.191993 0.581329 0.615284 0.330409 0.639324 0.0842235 0.655127 0.331827 	0.67258 0.678045 0.678257 0.660547 0.234501 0.573491 0.622745 0.316827 0.646849 0.0951583 0.666332 0.334579 	0.659252 0.702012 0.663112 0.712353 0.209724 0.590157 0.610586 0.305941 0.641786 0.0813808 0.670762 0.344291 		0.74061
0.67258 0.678045 0.678257 0.660547 0.234501 0.573491 0.622745 0.316827 0.646849 0.0951583 0.666332 0.334579 	0.659252 0.702012 0.663112 0.712353 0.209724 0.590157 0.610586 0.305941 0.641786 0.0813808 0.670762 0.344291 	0.717244 0.742793 0.739207 0.74061 0.238795 0.591054 0.588708 0.30071 0.648558 0.0843403 0.662094 0.349118 		0.704382
0.659252 0.702012 0.663112 0.712353 0.209724 0.590157 0.610586 0.305941 0.641786 0.0813808 0.670762 0.344291 	0.717244 0.742793 0.739207 0.74061 0.238795 0.591054 0.588708 0.30071 0.648558 0.0843403 0.662094 0.349118 	0.738856 0.749233 0.717413 0.704382 0.249311 0.580469 0.605396 0.320702 0.628487 0.0917771 0.617592 0.361584 		0.738799
0.717244 0.742793 0.739207 0.74061 0.238795 0.591054 0.588708 0.30071 0.648558 0.0843403 0.662094 0.349118 	0.738856 0.749233 0.717413 0.704382 0.249311 0.580469 0.605396 0.320702 0.628487 0.0917771 0.617592 0.361584 	0.703917 0.727411 0.723323 0.738799 0.262876 0.592774 0.599742 0.307814 0.626849 0.0884765 0.628425 0.377445 		0.784083
0.738856 0.749233 0.717413 0.704382 0.249311 0.580469 0.605396 0.320702 0.628487 0.0917771 0.617592 0.361584 	0.703917 0.727411 0.723323 0.738799 0.262876 0.592774 0.599742 0.307814 0.626849 0.0884765 0.628425 0.377445 	0.742458 0.773558 0.765434 0.784083 0.239671 0.610169 0.580059 0.28634 0.63289 0.0589107 0.669095 0.366773 		0.782272
0.703917 0.727411 0.723323 0.738799 0.262876 0.592774 0.599742 0.307814 0.626849 0.0884765 0.628425 0.377445 	0.742458 0.773558 0.765434 0.784083 0.239671 0.610169 0.580059 0.28634 0.63289 0.0589107 0.669095 0.366773 	0.791805 0.785005 0.789814 0.782272 0.189469 0.576848 0.58292 0.268344 0.637674 0.0583516 0.67019 0.355056 		0.776113
0.742458 0.773558 0.765434 0.784083 0.239671 0.610169 0.580059 0.28634 0.63289 0.0589107 0.669095 0.366773 	0.791805 0.785005 0.789814 0.782272 0.189469 0.576848 0.58292 0.268344 0.637674 0.0583516 0.67019 0.355056 	0.767672 0.767477 0.762479 0.776113 0.16858 0.597262 0.601493 0.259313 0.639323 0.0615969 0.696489 0.35799 		0.811254
0.791805 0.785005 0.789814 0.782272 0.189469 0.576848 0.58292 0.268344 0.637674 0.0583516 0.67019 0.355056 	0.767672 0.767477 0.762479 0.776113 0.16858 0.597262 0.601493 0.259313 0.639323 0.0615969 0.696489 0.35799 	0.791805 0.801461 0.803113 0.811254 0.221131 0.619971 0.539129 0.2859 0.629691 0.0645808 0.657472 0.349517 		0.788793
0.767672 0.767477 0.762479 0.776113 0.16858 0.597262 0.601493 0.259313 0.639323 0.0615969 0.696489 0.35799 	0.791805 0.801461 0.803113 0.811254 0.221131 0.619971 0.539129 0.2859 0.629691 0.0645808 0.657472 0.349517 	0.803332 0.80468 0.794617 0.788793 0.246852 0.634846 0.545593 0.287212 0.643078 0.0753138 0.67652 0.354608 		0.798212
0.791805 0.801461 0.803113 0.811254 0.221131 0.619971 0.539129 0.2859 0.629691 0.0645808 0.657472 0.349517 	0.803332 0.80468 0.794617 0.788793 0.246852 0.634846 0.545593 0.287212 0.643078 0.0753138 0.67652 0.354608 	0.786763 0.794306 0.795355 0.798212 0.154595 0.620068 0.542186 0.2882 0.640391 0.104304 0.671197 0.362328 		0.794589
0.803332 0.80468 0.794617 0.788793 0.246852 0.634846 0.545593 0.287212 0.643078 0.0753138 0.67652 0.354608 	0.786763 0.794306 0.795355 0.798212 0.154595 0.620068 0.542186 0.2882 0.640391 0.104304 0.671197 0.362328 	0.80009 0.802176 0.816041 0.794589 0.147 0.62195 0.555724 0.269891 0.646254 0.0760954 0.711424 0.371568 		0.804008
0.786763 0.794306 0.795355 0.798212 0.154595 0.620068 0.542186 0.2882 0.640391 0.104304 0.671197 0.362328 	0.80009 0.802176 0.816041 0.794589 0.147 0.62195 0.555724 0.269891 0.646254 0.0760954 0.711424 0.371568 	0.792526 0.792518 0.797941 0.804008 0.153784 0.644047 0.542844 0.269795 0.636749 0.0748594 0.707176 0.377617 		0.738436
0.80009 0.802176 0.816041 0.794589 0.147 0.62195 0.555724 0.269891 0.646254 0.0760954 0.711424 0.371568 	0.792526 0.792518 0.797941 0.804008 0.153784 0.644047 0.542844 0.269795 0.636749 0.0748594 0.707176 0.377617 	0.80009 0.78894 0.748073 0.738436 0.191284 0.592053 0.578347 0.280738 0.602598 0.0976621 0.660539 0.379588 		0.721047
0.792526 0.792518 0.797941 0.804008 0.153784 0.644047 0.542844 0.269795 0.636749 0.0748594 0.707176 0.377617 	0.80009 0.78894 0.748073 0.738436 0.191284 0.592053 0.578347 0.280738 0.602598 0.0976621 0.660539 0.379588 	0.738856 0.759607 0.727387 0.721047 0.375515 0.608196 0.620915 0.276293 0.600354 0.095606 0.608148 0.430866 		0.692427
0.80009 0.78894 0.748073 0.738436 0.191284 0.592053 0.578347 0.280738 0.602598 0.0976621 0.660539 0.379588 	0.738856 0.759607 0.727387 0.721047 0.375515 0.608196 0.620915 0.276293 0.600354 0.095606 0.608148 0.430866 	0.710401 0.705947 0.70707 0.692427 0.503351 0.597694 0.624727 0.279766 0.583658 0.0869993 0.607252 0.408666 		0.717424
0.738856 0.759607 0.727387 0.721047 0.375515 0.608196 0.620915 0.276293 0.600354 0.095606 0.608148 0.430866 	0.710401 0.705947 0.70707 0.692427 0.503351 0.597694 0.624727 0.279766 0.583658 0.0869993 0.607252 0.408666 	0.702836 0.706663 0.698943 0.717424 0.258677 0.587982 0.630217 0.259383 0.622821 0.0900022 0.707035 0.397397 		0.771404
0.710401 0.705947 0.70707 0.692427 0.503351 0.597694 0.624727 0.279766 0.583658 0.0869993 0.607252 0.408666 	0.702836 0.706663 0.698943 0.717424 0.258677 0.587982 0.630217 0.259383 0.622821 0.0900022 0.707035 0.397397 	0.724448 0.760322 0.73145 0.771404 0.544732 0.59071 0.593843 0.251969 0.631701 0.0842925 0.715653 0.411396 		0.790967
0.702836 0.706663 0.698943 0.717424 0.258677 0.587982 0.630217 0.259383 0.622821 0.0900022 0.707035 0.397397 	0.724448 0.760322 0.73145 0.771404 0.544732 0.59071 0.593843 0.251969 0.631701 0.0842925 0.715653 0.411396 	0.769113 0.778566 0.780949 0.790967 0.150306 0.567038 0.550753 0.267141 0.615328 0.0663537 0.718451 0.38853 		0.775026
0.724448 0.760322 0.73145 0.771404 0.544732 0.59071 0.593843 0.251969 0.631701 0.0842925 0.715653 0.411396 	0.769113 0.778566 0.780949 0.790967 0.150306 0.567038 0.550753 0.267141 0.615328 0.0663537 0.718451 0.38853 	0.791085 0.779997 0.786121 0.775026 0.129858 0.589826 0.574302 0.248554 0.631347 0.0771066 0.73495 0.414391 		0.771041
0.769113 0.778566 0.780949 0.790967 0.150306 0.567038 0.550753 0.267141 0.615328 0.0663537 0.718451 0.38853 	0.791085 0.779997 0.786121 0.775026 0.129858 0.589826 0.574302 0.248554 0.631347 0.0771066 0.73495 0.414391 	0.773435 0.769981 0.785012 0.771041 0.116142 0.588604 0.580857 0.253638 0.637455 0.0764376 0.73554 0.405413 		0.739886
0.791085 0.779997 0.786121 0.775026 0.129858 0.589826 0.574302 0.248554 0.631347 0.0771066 0.73495 0.414391 	0.773435 0.769981 0.785012 0.771041 0.116142 0.588604 0.580857 0.253638 0.637455 0.0764376 0.73554 0.405413 	0.766952 0.756745 0.753244 0.739886 0.158976 0.585406 0.584911 0.256018 0.63079 0.084562 0.740116 0.417674 		0.727568
0.773435 0.769981 0.785012 0.771041 0.116142 0.588604 0.580857 0.253638 0.637455 0.0764376 0.73554 0.405413 	0.766952 0.756745 0.753244 0.739886 0.158976 0.585406 0.584911 0.256018 0.63079 0.084562 0.740116 0.417674 	0.732733 0.730631 0.740685 0.727568 0.141135 0.574786 0.587712 0.269191 0.634468 0.0852127 0.760375 0.430012 		0.784446
0.766952 0.756745 0.753244 0.739886 0.158976 0.585406 0.584911 0.256018 0.63079 0.084562 0.740116 0.417674 	0.732733 0.730631 0.740685 0.727568 0.141135 0.574786 0.587712 0.269191 0.634468 0.0852127 0.760375 0.430012 	0.725889 0.777135 0.745857 0.784446 0.300165 0.570062 0.574997 0.285082 0.61156 0.0715708 0.678164 0.445795 		0.792416
0.732733 0.730631 0.740685 0.727568 0.141135 0.574786 0.587712 0.269191 0.634468 0.0852127 0.760375 0.430012 	0.725889 0.777135 0.745857 0.784446 0.300165 0.570062 0.574997 0.285082 0.61156 0.0715708 0.678164 0.445795 	0.791805 0.815055 0.801266 0.792416 0.415762 0.60398 0.592832 0.261311 0.618319 0.0711992 0.65109 0.468306 		0.827556
0.725889 0.777135 0.745857 0.784446 0.300165 0.570062 0.574997 0.285082 0.61156 0.0715708 0.678164 0.445795 	0.791805 0.815055 0.801266 0.792416 0.415762 0.60398 0.592832 0.261311 0.618319 0.0711992 0.65109 0.468306 	0.794687 0.815055 0.814195 0.827556 0.228706 0.588961 0.564511 0.243542 0.620724 0.081195 0.727481 0.44586 		0.865233
0.791805 0.815055 0.801266 0.792416 0.415762 0.60398 0.592832 0.261311 0.618319 0.0711992 0.65109 0.468306 	0.794687 0.815055 0.814195 0.827556 0.228706 0.588961 0.564511 0.243542 0.620724 0.081195 0.727481 0.44586 	0.837911 0.852616 0.857414 0.865233 0.23946 0.586624 0.538565 0.244468 0.622315 0.0720071 0.722976 0.444304 		0.921748
0.794687 0.815055 0.814195 0.827556 0.228706 0.588961 0.564511 0.243542 0.620724 0.081195 0.727481 0.44586 	0.837911 0.852616 0.857414 0.865233 0.23946 0.586624 0.538565 0.244468 0.622315 0.0720071 0.722976 0.444304 	0.860603 0.907706 0.884379 0.921748 0.223161 0.597245 0.522592 0.22335 0.625319 0.0630494 0.720613 0.465581 		0.948919
0.837911 0.852616 0.857414 0.865233 0.23946 0.586624 0.538565 0.244468 0.622315 0.0720071 0.722976 0.444304 	0.860603 0.907706 0.884379 0.921748 0.223161 0.597245 0.522592 0.22335 0.625319 0.0630494 0.720613 0.465581 	0.922557 0.939186 0.927599 0.948919 0.221999 0.604226 0.47265 0.233062 0.615058 0.0594881 0.722966 0.446531 		0.948919
0.860603 0.907706 0.884379 0.921748 0.223161 0.597245 0.522592 0.22335 0.625319 0.0630494 0.720613 0.465581 	0.922557 0.939186 0.927599 0.948919 0.221999 0.604226 0.47265 0.233062 0.615058 0.0594881 0.722966 0.446531 	0.953174 0.949918 0.949024 0.948919 0.298812 0.609055 0.486993 0.228012 0.612857 0.0682221 0.687254 0.445227 		0.822122
0.922557 0.939186 0.927599 0.948919 0.221999 0.604226 0.47265 0.233062 0.615058 0.0594881 0.722966 0.446531 	0.953174 0.949918 0.949024 0.948919 0.298812 0.609055 0.486993 0.228012 0.612857 0.0682221 0.687254 0.445227 	0.943809 0.939186 0.822691 0.822122 0.299826 0.614114 0.534746 0.240938 0.598076 0.0762785 0.685949 0.466456 		0.823209
0.953174 0.949918 0.949024 0.948919 0.298812 0.609055 0.486993 0.228012 0.612857 0.0682221 0.687254 0.445227 	0.943809 0.939186 0.822691 0.822122 0.299826 0.614114 0.534746 0.240938 0.598076 0.0762785 0.685949 0.466456 	0.825304 0.837591 0.78021 0.823209 0.411827 0.621999 0.527807 0.256913 0.583493 0.0721637 0.712556 0.479059 		0.914503
0.943809 0.939186 0.822691 0.822122 0.299826 0.614114 0.534746 0.240938 0.598076 0.0762785 0.685949 0.466456 	0.825304 0.837591 0.78021 0.823209 0.411827 0.621999 0.527807 0.256913 0.583493 0.0721637 0.712556 0.479059 	0.820981 0.903413 0.839683 0.914503 0.350035 0.628759 0.502057 0.237614 0.589436 0.0669609 0.698695 0.484809 		0.945659
0.825304 0.837591 0.78021 0.823209 0.411827 0.621999 0.527807 0.256913 0.583493 0.0721637 0.712556 0.479059 	0.820981 0.903413 0.839683 0.914503 0.350035 0.628759 0.502057 0.237614 0.589436 0.0669609 0.698695 0.484809 	0.911751 0.932747 0.913931 0.945659 0.300346 0.62429 0.470966 0.246791 0.579319 0.0673472 0.690982 0.453967 		0.930081
0.820981 0.903413 0.839683 0.914503 0.350035 0.628759 0.502057 0.237614 0.589436 0.0669609 0.698695 0.484809 	0.911751 0.932747 0.913931 0.945659 0.300346 0.62429 0.470966 0.246791 0.579319 0.0673472 0.690982 0.453967 	0.942728 0.934178 0.922427 0.930081 0.283473 0.628521 0.455681 0.240239 0.568891 0.0612766 0.711402 0.46208 		0.951093
0.911751 0.932747 0.913931 0.945659 0.300346 0.62429 0.470966 0.246791 0.579319 0.0673472 0.690982 0.453967 	0.942728 0.934178 0.922427 0.930081 0.283473 0.628521 0.455681 0.240239 0.568891 0.0612766 0.711402 0.46208 	0.92796 0.939186 0.805698 0.951093 0.438062 0.672445 0.474913 0.244988 0.573705 0.0659062 0.712799 0.468152 		0.953991
0.942728 0.934178 0.922427 0.930081 0.283473 0.628521 0.455681 0.240239 0.568891 0.0612766 0.711402 0.46208 	0.92796 0.939186 0.805698 0.951093 0.438062 0.672445 0.474913 0.244988 0.573705 0.0659062 0.712799 0.468152 	0.958577 0.964227 0.932031 0.953991 0.285594 0.680475 0.451159 0.238143 0.579939 0.0586741 0.724543 0.460504 		1
0.92796 0.939186 0.805698 0.951093 0.438062 0.672445 0.474913 0.244988 0.573705 0.0659062 0.712799 0.468152 	0.958577 0.964227 0.932031 0.953991 0.285594 0.680475 0.451159 0.238143 0.579939 0.0586741 0.724543 0.460504 	0.956776 1 0.961952 1 0.508022 0.681006 0.443068 0.232193 0.592659 0.05961 0.724749 0.458478 		0.984422
0.958577 0.964227 0.932031 0.953991 0.285594 0.680475 0.451159 0.238143 0.579939 0.0586741 0.724543 0.460504 	0.956776 1 0.961952 1 0.508022 0.681006 0.443068 0.232193 0.592659 0.05961 0.724749 0.458478 	1 0.990341 0.985594 0.984422 0.351701 0.657892 0.409939 0.257817 0.56108 0.0410048 0.69911 0.441005 		0.982611
0.956776 1 0.961952 1 0.508022 0.681006 0.443068 0.232193 0.592659 0.05961 0.724749 0.458478 	1 0.990341 0.985594 0.984422 0.351701 0.657892 0.409939 0.257817 0.56108 0.0410048 0.69911 0.441005 	0.970824 0.998927 0.985594 0.982611 0.134133 0.662841 0.401317 0.246081 0.559602 0.0397007 0.699163 0.432193 		0.982973
1 0.990341 0.985594 0.984422 0.351701 0.657892 0.409939 0.257817 0.56108 0.0410048 0.69911 0.441005 	0.970824 0.998927 0.985594 0.982611 0.134133 0.662841 0.401317 0.246081 0.559602 0.0397007 0.699163 0.432193 	0.979469 0.982114 0.989288 0.982973 0.140483 0.662096 0.41197 0.247299 0.554441 0.0453401 0.709246 0.435903 		0.997102
0.970824 0.998927 0.985594 0.982611 0.134133 0.662841 0.401317 0.246081 0.559602 0.0397007 0.699163 0.432193 	0.979469 0.982114 0.989288 0.982973 0.140483 0.662096 0.41197 0.247299 0.554441 0.0453401 0.709246 0.435903 	0.987753 0.99213 1 0.997102 0.158239 0.668951 0.400529 0.257668 0.566944 0.0373573 0.696456 0.414144 		0.951093
0.979469 0.982114 0.989288 0.982973 0.140483 0.662096 0.41197 0.247299 0.554441 0.0453401 0.709246 0.435903 	0.987753 0.99213 1 0.997102 0.158239 0.668951 0.400529 0.257668 0.566944 0.0373573 0.696456 0.414144 	0.99928 0.993203 0.971557 0.951093 0.170011 0.674657 0.442598 0.233059 0.563801 0.0512219 0.699172 0.436039 		0.901823
0.987753 0.99213 1 0.997102 0.158239 0.668951 0.400529 0.257668 0.566944 0.0373573 0.696456 0.414144 	0.99928 0.993203 0.971557 0.951093 0.170011 0.674657 0.442598 0.233059 0.563801 0.0512219 0.699172 0.436039 	0.940207 0.934178 0.905804 0.901823 0.177184 0.640127 0.449142 0.256273 0.529507 0.0597524 0.636807 0.402956 		0.928994
0.99928 0.993203 0.971557 0.951093 0.170011 0.674657 0.442598 0.233059 0.563801 0.0512219 0.699172 0.436039 	0.940207 0.934178 0.905804 0.901823 0.177184 0.640127 0.449142 0.256273 0.529507 0.0597524 0.636807 0.402956 	0.899865 0.924162 0.889182 0.928994 0.21442 0.703603 0.448862 0.264438 0.557353 0.0539177 0.657568 0.410872 		0.856176
0.940207 0.934178 0.905804 0.901823 0.177184 0.640127 0.449142 0.256273 0.529507 0.0597524 0.636807 0.402956 	0.899865 0.924162 0.889182 0.928994 0.21442 0.703603 0.448862 0.264438 0.557353 0.0539177 0.657568 0.410872 	0.914993 0.906991 0.874036 0.856176 0.168873 0.664481 0.478593 0.25662 0.531099 0.0705096 0.647857 0.421493 		0.74532
0.899865 0.924162 0.889182 0.928994 0.21442 0.703603 0.448862 0.264438 0.557353 0.0539177 0.657568 0.410872 	0.914993 0.906991 0.874036 0.856176 0.168873 0.664481 0.478593 0.25662 0.531099 0.0705096 0.647857 0.421493 	0.830347 0.835087 0.76211 0.74532 0.212362 0.633901 0.499995 0.269902 0.490296 0.0818169 0.640676 0.428238 		0.804371
0.914993 0.906991 0.874036 0.856176 0.168873 0.664481 0.478593 0.25662 0.531099 0.0705096 0.647857 0.421493 	0.830347 0.835087 0.76211 0.74532 0.212362 0.633901 0.499995 0.269902 0.490296 0.0818169 0.640676 0.428238 	0.748221 0.797526 0.708548 0.804371 0.351365 0.637438 0.522141 0.26101 0.502948 0.0803702 0.673092 0.464997 		0.84241
0.830347 0.835087 0.76211 0.74532 0.212362 0.633901 0.499995 0.269902 0.490296 0.0818169 0.640676 0.428238 	0.748221 0.797526 0.708548 0.804371 0.351365 0.637438 0.522141 0.26101 0.502948 0.0803702 0.673092 0.464997 	0.810896 0.830795 0.794986 0.84241 0.265285 0.647292 0.468998 0.252374 0.502124 0.0632996 0.71145 0.43162 		0.779011
0.748221 0.797526 0.708548 0.804371 0.351365 0.637438 0.522141 0.26101 0.502948 0.0803702 0.673092 0.464997 	0.810896 0.830795 0.794986 0.84241 0.265285 0.647292 0.468998 0.252374 0.502124 0.0632996 0.71145 0.43162 	0.847636 0.844388 0.788337 0.779011 0.128567 0.677179 0.474874 0.272964 0.482428 0.0582344 0.68727 0.42024 		0.652215
0.810896 0.830795 0.794986 0.84241 0.265285 0.647292 0.468998 0.252374 0.502124 0.0632996 0.71145 0.43162 	0.847636 0.844388 0.788337 0.779011 0.128567 0.677179 0.474874 0.272964 0.482428 0.0582344 0.68727 0.42024 	0.738856 0.752452 0.628389 0.652215 0.192908 0.697836 0.567304 0.28755 0.483092 0.0925123 0.721121 0.448438 		0.592801
0.847636 0.844388 0.788337 0.779011 0.128567 0.677179 0.474874 0.272964 0.482428 0.0582344 0.68727 0.42024 	0.738856 0.752452 0.628389 0.652215 0.192908 0.697836 0.567304 0.28755 0.483092 0.0925123 0.721121 0.448438 	0.685907 0.676256 0.529022 0.592801 0.346046 0.676053 0.63777 0.253192 0.489991 0.104857 0.683303 0.478845 		0.702209
0.738856 0.752452 0.628389 0.652215 0.192908 0.697836 0.567304 0.28755 0.483092 0.0925123 0.721121 0.448438 	0.685907 0.676256 0.529022 0.592801 0.346046 0.676053 0.63777 0.253192 0.489991 0.104857 0.683303 0.478845 	0.594777 0.690565 0.54232 0.702209 0.557735 0.649705 0.580621 0.233471 0.490102 0.100396 0.711743 0.447899 		0.598235
0.685907 0.676256 0.529022 0.592801 0.346046 0.676053 0.63777 0.253192 0.489991 0.104857 0.683303 0.478845 	0.594777 0.690565 0.54232 0.702209 0.557735 0.649705 0.580621 0.233471 0.490102 0.100396 0.711743 0.447899 	0.675461 0.707378 0.606964 0.598235 0.274472 0.627296 0.551765 0.295962 0.451599 0.0821068 0.666038 0.425231 		0.565993
0.594777 0.690565 0.54232 0.702209 0.557735 0.649705 0.580621 0.233471 0.490102 0.100396 0.711743 0.447899 	0.675461 0.707378 0.606964 0.598235 0.274472 0.627296 0.551765 0.295962 0.451599 0.0821068 0.666038 0.425231 	0.627195 0.632255 0.529022 0.565993 0.45427 0.579317 0.651847 0.289253 0.408555 0.129784 0.57997 0.512287 		0.497523
0.675461 0.707378 0.606964 0.598235 0.274472 0.627296 0.551765 0.295962 0.451599 0.0821068 0.666038 0.425231 	0.627195 0.632255 0.529022 0.565993 0.45427 0.579317 0.651847 0.289253 0.408555 0.129784 0.57997 0.512287 	0.565241 0.583247 0.464378 0.497523 0.725488 0.644091 0.633579 0.329083 0.39559 0.0995136 0.609872 0.49251 		0.535924
0.627195 0.632255 0.529022 0.565993 0.45427 0.579317 0.651847 0.289253 0.408555 0.129784 0.57997 0.512287 	0.565241 0.583247 0.464378 0.497523 0.725488 0.644091 0.633579 0.329083 0.39559 0.0995136 0.609872 0.49251 	0.63728 0.627247 0.481001 0.535924 1 0.555365 0.742546 0.313408 0.395628 0.119804 0.446316 0.605269 		0.471801
0.565241 0.583247 0.464378 0.497523 0.725488 0.644091 0.633579 0.329083 0.39559 0.0995136 0.609872 0.49251 	0.63728 0.627247 0.481001 0.535924 1 0.555365 0.742546 0.313408 0.395628 0.119804 0.446316 0.605269 	0.497523 0.510628 0.458467 0.471801 0.684699 0.603415 0.690946 0.322864 0.387793 0.0991465 0.59435 0.5525 		0.332325
0.63728 0.627247 0.481001 0.535924 1 0.555365 0.742546 0.313408 0.395628 0.119804 0.446316 0.605269 	0.497523 0.510628 0.458467 0.471801 0.684699 0.603415 0.690946 0.322864 0.387793 0.0991465 0.59435 0.5525 	0.36425 0.409749 0.345433 0.332325 0.330396 0.557858 0.68449 0.349933 0.363695 0.114908 0.746888 0.51 		0.457672
0.497523 0.510628 0.458467 0.471801 0.684699 0.603415 0.690946 0.322864 0.387793 0.0991465 0.59435 0.5525 	0.36425 0.409749 0.345433 0.332325 0.330396 0.557858 0.68449 0.349933 0.363695 0.114908 0.746888 0.51 	0.317424 0.448741 0.325855 0.457672 0.275744 0.607747 0.601417 0.340165 0.384717 0.104639 0.786427 0.477303 		0.595337
0.36425 0.409749 0.345433 0.332325 0.330396 0.557858 0.68449 0.349933 0.363695 0.114908 0.746888 0.51 	0.317424 0.448741 0.325855 0.457672 0.275744 0.607747 0.601417 0.340165 0.384717 0.104639 0.786427 0.477303 	0.501125 0.585035 0.492821 0.595337 0.246411 0.637047 0.577092 0.273899 0.423856 0.0880784 0.786359 0.510225 		0.61164
0.317424 0.448741 0.325855 0.457672 0.275744 0.607747 0.601417 0.340165 0.384717 0.104639 0.786427 0.477303 	0.501125 0.585035 0.492821 0.595337 0.246411 0.637047 0.577092 0.273899 0.423856 0.0880784 0.786359 0.510225 	0.580369 0.630109 0.580737 0.61164 0.20173 0.605819 0.551088 0.279675 0.405962 0.0706738 0.763232 0.495228 		0.582658
0.501125 0.585035 0.492821 0.595337 0.246411 0.637047 0.577092 0.273899 0.423856 0.0880784 0.786359 0.510225 	0.580369 0.630109 0.580737 0.61164 0.20173 0.605819 0.551088 0.279675 0.405962 0.0706738 0.763232 0.495228 	0.585772 0.623312 0.577782 0.582658 0.176563 0.615755 0.567748 0.274696 0.379204 0.08282 0.753618 0.483461 		0.506942
0.580369 0.630109 0.580737 0.61164 0.20173 0.605819 0.551088 0.279675 0.405962 0.0706738 0.763232 0.495228 	0.585772 0.623312 0.577782 0.582658 0.176563 0.615755 0.567748 0.274696 0.379204 0.08282 0.753618 0.483461 	0.559478 0.566791 0.506858 0.506942 0.113078 0.586099 0.606072 0.285022 0.366611 0.10382 0.703414 0.443271 		0.539909
0.585772 0.623312 0.577782 0.582658 0.176563 0.615755 0.567748 0.274696 0.379204 0.08282 0.753618 0.483461 	0.559478 0.566791 0.506858 0.506942 0.113078 0.586099 0.606072 0.285022 0.366611 0.10382 0.703414 0.443271 	0.501125 0.553913 0.503164 0.539909 0.119872 0.624152 0.592829 0.275936 0.367964 0.100425 0.705281 0.446504 		0.599322
0.559478 0.566791 0.506858 0.506942 0.113078 0.586099 0.606072 0.285022 0.366611 0.10382 0.703414 0.443271 	0.501125 0.553913 0.503164 0.539909 0.119872 0.624152 0.592829 0.275936 0.367964 0.100425 0.705281 0.446504 	0.551553 0.599344 0.552294 0.599322 0.140392 0.660528 0.576181 0.266094 0.377752 0.0832917 0.706675 0.488023 		0.594975
0.501125 0.553913 0.503164 0.539909 0.119872 0.624152 0.592829 0.275936 0.367964 0.100425 0.705281 0.446504 	0.551553 0.599344 0.552294 0.599322 0.140392 0.660528 0.576181 0.266094 0.377752 0.0832917 0.706675 0.488023 	0.592256 0.60793 0.593297 0.594975 0.131343 0.613951 0.570804 0.259129 0.383645 0.0903631 0.746614 0.482094 		0.604394
0.551553 0.599344 0.552294 0.599322 0.140392 0.660528 0.576181 0.266094 0.377752 0.0832917 0.706675 0.488023 	0.592256 0.60793 0.593297 0.594975 0.131343 0.613951 0.570804 0.259129 0.383645 0.0903631 0.746614 0.482094 	0.574606 0.604353 0.582584 0.604394 0.086492 0.616488 0.560818 0.258721 0.395667 0.0791107 0.763926 0.481499 		0.597149
0.592256 0.60793 0.593297 0.594975 0.131343 0.613951 0.570804 0.259129 0.383645 0.0903631 0.746614 0.482094 	0.574606 0.604353 0.582584 0.604394 0.086492 0.616488 0.560818 0.258721 0.395667 0.0791107 0.763926 0.481499 	0.598379 0.597556 0.594035 0.597149 0.0649875 0.592798 0.556259 0.260895 0.349458 0.0713174 0.741683 0.472896 		0.638448
0.574606 0.604353 0.582584 0.604394 0.086492 0.616488 0.560818 0.258721 0.395667 0.0791107 0.763926 0.481499 	0.598379 0.597556 0.594035 0.597149 0.0649875 0.592798 0.556259 0.260895 0.349458 0.0713174 0.741683 0.472896 	0.598019 0.63154 0.610658 0.638448 0.0966047 0.651736 0.565645 0.213803 0.354555 0.0813264 0.723517 0.510142 		0.605843
0.598379 0.597556 0.594035 0.597149 0.0649875 0.592798 0.556259 0.260895 0.349458 0.0713174 0.741683 0.472896 	0.598019 0.63154 0.610658 0.638448 0.0966047 0.651736 0.565645 0.213803 0.354555 0.0813264 0.723517 0.510142 	0.635119 0.637264 0.614721 0.605843 0.0759707 0.730915 0.5909 0.208438 0.376097 0.0745616 0.762553 0.523739 		0.455499
0.598019 0.63154 0.610658 0.638448 0.0966047 0.651736 0.565645 0.213803 0.354555 0.0813264 0.723517 0.510142 	0.635119 0.637264 0.614721 0.605843 0.0759707 0.730915 0.5909 0.208438 0.376097 0.0745616 0.762553 0.523739 	0.575326 0.587182 0.468441 0.455499 0.0941812 0.605575 0.608383 0.249366 0.302512 0.0908234 0.729679 0.506181 		0.471439
0.635119 0.637264 0.614721 0.605843 0.0759707 0.730915 0.5909 0.208438 0.376097 0.0745616 0.762553 0.523739 	0.575326 0.587182 0.468441 0.455499 0.0941812 0.605575 0.608383 0.249366 0.302512 0.0908234 0.729679 0.506181 	0.426204 0.488449 0.42042 0.471439 0.146136 0.623687 0.627358 0.272341 0.342329 0.0914548 0.787982 0.514874 		0.52252
0.575326 0.587182 0.468441 0.455499 0.0941812 0.605575 0.608383 0.249366 0.302512 0.0908234 0.729679 0.506181 	0.426204 0.488449 0.42042 0.471439 0.146136 0.623687 0.627358 0.272341 0.342329 0.0914548 0.787982 0.514874 	0.483476 0.515636 0.473613 0.52252 0.097438 0.592725 0.607954 0.26722 0.335313 0.0897696 0.776996 0.498571 		0.472888
0.426204 0.488449 0.42042 0.471439 0.146136 0.623687 0.627358 0.272341 0.342329 0.0914548 0.787982 0.514874 	0.483476 0.515636 0.473613 0.52252 0.097438 0.592725 0.607954 0.26722 0.335313 0.0897696 0.776996 0.498571 	0.508329 0.521002 0.484325 0.472888 0.069835 0.605734 0.59893 0.261389 0.308572 0.0936081 0.768588 0.493579 		0.472888
0.483476 0.515636 0.473613 0.52252 0.097438 0.592725 0.607954 0.26722 0.335313 0.0897696 0.776996 0.498571 	0.508329 0.521002 0.484325 0.472888 0.069835 0.605734 0.59893 0.261389 0.308572 0.0936081 0.768588 0.493579 	0.469068 0.484871 0.471766 0.472888 0.0616876 0.630547 0.59502 0.276715 0.306514 0.077208 0.77094 0.486715 		0.47325
0.508329 0.521002 0.484325 0.472888 0.069835 0.605734 0.59893 0.261389 0.308572 0.0936081 0.768588 0.493579 	0.469068 0.484871 0.471766 0.472888 0.0616876 0.630547 0.59502 0.276715 0.306514 0.077208 0.77094 0.486715 	0.452138 0.466985 0.45699 0.47325 0.0347437 0.593657 0.612392 0.256161 0.298277 0.0954039 0.784871 0.499955 		0.528678
0.469068 0.484871 0.471766 0.472888 0.0616876 0.630547 0.59502 0.276715 0.306514 0.077208 0.77094 0.486715 	0.452138 0.466985 0.45699 0.47325 0.0347437 0.593657 0.612392 0.256161 0.298277 0.0954039 0.784871 0.499955 	0.476272 0.521002 0.484325 0.528678 0.0477665 0.631585 0.595948 0.241494 0.318155 0.0954402 0.771206 0.499366 		0.496436
0.452138 0.466985 0.45699 0.47325 0.0347437 0.593657 0.612392 0.256161 0.298277 0.0954039 0.784871 0.499955 	0.476272 0.521002 0.484325 0.528678 0.0477665 0.631585 0.595948 0.241494 0.318155 0.0954402 0.771206 0.499366 	0.521657 0.515278 0.498362 0.496436 0.0664291 0.604599 0.600551 0.263808 0.317607 0.0911405 0.739413 0.482887 		0.480858
0.476272 0.521002 0.484325 0.528678 0.0477665 0.631585 0.595948 0.241494 0.318155 0.0954402 0.771206 0.499366 	0.521657 0.515278 0.498362 0.496436 0.0664291 0.604599 0.600551 0.263808 0.317607 0.0911405 0.739413 0.482887 	0.474471 0.492026 0.483956 0.480858 0.0504639 0.651719 0.598738 0.253396 0.304016 0.0979225 0.730113 0.462698 		0.50984
0.521657 0.515278 0.498362 0.496436 0.0664291 0.604599 0.600551 0.263808 0.317607 0.0911405 0.739413 0.482887 	0.474471 0.492026 0.483956 0.480858 0.0504639 0.651719 0.598738 0.253396 0.304016 0.0979225 0.730113 0.462698 	0.49068 0.509912 0.506858 0.50984 0.130582 0.629092 0.60363 0.243703 0.295734 0.100098 0.720716 0.478254 		0.580484
0.474471 0.492026 0.483956 0.480858 0.0504639 0.651719 0.598738 0.253396 0.304016 0.0979225 0.730113 0.462698 	0.49068 0.509912 0.506858 0.50984 0.130582 0.629092 0.60363 0.243703 0.295734 0.100098 0.720716 0.478254 	0.519135 0.575734 0.529391 0.580484 0.0716813 0.621686 0.564958 0.234331 0.309834 0.080061 0.722811 0.458216 		0.562732
0.49068 0.509912 0.506858 0.50984 0.130582 0.629092 0.60363 0.243703 0.295734 0.100098 0.720716 0.478254 	0.519135 0.575734 0.529391 0.580484 0.0716813 0.621686 0.564958 0.234331 0.309834 0.080061 0.722811 0.458216 	0.574966 0.570011 0.573719 0.562732 0.0513994 0.655873 0.582717 0.227341 0.33645 0.0960272 0.710617 0.447004 		0.547517
0.519135 0.575734 0.529391 0.580484 0.0716813 0.621686 0.564958 0.234331 0.309834 0.080061 0.722811 0.458216 	0.574966 0.570011 0.573719 0.562732 0.0513994 0.655873 0.582717 0.227341 0.33645 0.0960272 0.710617 0.447004 	0.547231 0.562856 0.561529 0.547517 0.069496 0.628185 0.58128 0.246296 0.324136 0.0987064 0.670591 0.399227 		0.567442
0.574966 0.570011 0.573719 0.562732 0.0513994 0.655873 0.582717 0.227341 0.33645 0.0960272 0.710617 0.447004 	0.547231 0.562856 0.561529 0.547517 0.069496 0.628185 0.58128 0.246296 0.324136 0.0987064 0.670591 0.399227 	0.547231 0.558921 0.544167 0.567442 0.0852593 0.628555 0.57557 0.241664 0.305291 0.111088 0.661584 0.411762 		0.563819
0.547231 0.562856 0.561529 0.547517 0.069496 0.628185 0.58128 0.246296 0.324136 0.0987064 0.670591 0.399227 	0.547231 0.558921 0.544167 0.567442 0.0852593 0.628555 0.57557 0.241664 0.305291 0.111088 0.661584 0.411762 	0.572084 0.568938 0.577413 0.563819 0.101813 0.624511 0.57041 0.239516 0.318264 0.0771025 0.713487 0.431832 		0.566355
0.547231 0.558921 0.544167 0.567442 0.0852593 0.628555 0.57557 0.241664 0.305291 0.111088 0.661584 0.411762 	0.572084 0.568938 0.577413 0.563819 0.101813 0.624511 0.57041 0.239516 0.318264 0.0771025 0.713487 0.431832 	0.555155 0.558563 0.56042 0.566355 0.0606788 0.6282 0.572419 0.239125 0.317037 0.0855156 0.707397 0.433266 		0.464193
0.572084 0.568938 0.577413 0.563819 0.101813 0.624511 0.57041 0.239516 0.318264 0.0771025 0.713487 0.431832 	0.555155 0.558563 0.56042 0.566355 0.0606788 0.6282 0.572419 0.239125 0.317037 0.0855156 0.707397 0.433266 	0.565961 0.56536 0.477307 0.464193 0.0843026 0.621311 0.622912 0.249512 0.316907 0.10119 0.653342 0.396825 		0.496073
0.555155 0.558563 0.56042 0.566355 0.0606788 0.6282 0.572419 0.239125 0.317037 0.0855156 0.707397 0.433266 	0.565961 0.56536 0.477307 0.464193 0.0843026 0.621311 0.622912 0.249512 0.316907 0.10119 0.653342 0.396825 	0.452499 0.493815 0.432979 0.496073 0.111287 0.607482 0.643607 0.260063 0.331228 0.0960302 0.650193 0.368806 		0.459846
0.565961 0.56536 0.477307 0.464193 0.0843026 0.621311 0.622912 0.249512 0.316907 0.10119 0.653342 0.396825 	0.452499 0.493815 0.432979 0.496073 0.111287 0.607482 0.643607 0.260063 0.331228 0.0960302 0.650193 0.368806 	0.480954 0.485945 0.470288 0.459846 0.037616 0.61432 0.661288 0.243041 0.334727 0.109673 0.597703 0.342853 		0.391013
0.452499 0.493815 0.432979 0.496073 0.111287 0.607482 0.643607 0.260063 0.331228 0.0960302 0.650193 0.368806 	0.480954 0.485945 0.470288 0.459846 0.037616 0.61432 0.661288 0.243041 0.334727 0.109673 0.597703 0.342853 	0.4543 0.450172 0.40195 0.391013 0.13207 0.723384 0.682248 0.274822 0.361748 0.082534 0.677534 0.402956 		0.259869
0.480954 0.485945 0.470288 0.459846 0.037616 0.61432 0.661288 0.243041 0.334727 0.109673 0.597703 0.342853 	0.4543 0.450172 0.40195 0.391013 0.13207 0.723384 0.682248 0.274822 0.361748 0.082534 0.677534 0.402956 	0.349842 0.343211 0.271554 0.259869 0.101073 0.593647 0.719931 0.308086 0.329771 0.137558 0.723154 0.402683 		0.158432
0.4543 0.450172 0.40195 0.391013 0.13207 0.723384 0.682248 0.274822 0.361748 0.082534 0.677534 0.402956 	0.349842 0.343211 0.271554 0.259869 0.101073 0.593647 0.719931 0.308086 0.329771 0.137558 0.723154 0.402683 	0.203962 0.241616 0.164799 0.158432 0.135644 0.571236 0.765884 0.338366 0.313725 0.123639 0.684428 0.377757 		0.188863
0.349842 0.343211 0.271554 0.259869 0.101073 0.593647 0.719931 0.308086 0.329771 0.137558 0.723154 0.402683 	0.203962 0.241616 0.164799 0.158432 0.135644 0.571236 0.765884 0.338366 0.313725 0.123639 0.684428 0.377757 	0.191355 0.238397 0.169232 0.188863 0.140797 0.585648 0.753497 0.360079 0.317923 0.104037 0.606308 0.30563 		0.257696
